54,7057
28,4449
60,8381
55,5631
23,3799
21,7365
80,6607
62,3839
29,8027
48,5057
70,3879
46,8003
42,3957
55,6251
52,7569
49,5517
31,6757
66,4659
74,7553
80,8977
68,6853
58,3837
62,4869
34,5921
59,4741
34,4673
50,2715
40,4323
39,5997
71,3541
71,6937
20,6169
46,5977
48,3375
66,4859
66,9957
33,4479
42,9947
43,6823
54,3035
36,4517
64,7587
39,7887
30,8159
53,6471
51,9251
25,8537
75,8931
21,6039
54,4977
57,7357
79,11951
43,6905
77,10047
45,3597
45,6677
58,4501
37,4835
21,2281
20,4879
38,2203
72,3795
57,5455
39,7223
46,9237
47,17117
57,5099
72,5431
80,9247
66,4389
71,7011
74,13165
59,2331
76,5317
33,2831
32,8373
59,6583
50,6429
20,5335
61,5999
42,5013
22,5515
37,3821
71,5745
35,5915
55,7653
74,4109
77,10757
23,8709
36,4891
50,4945
30,2979
61,4203
48,3569
74,5089
59,5521
36,6769
77,5715
22,4733
51,8453
20,2297
46,17363
75,5513
73,5909
73,8285
42,13145
41,4879
80,10221
45,5691
21,5319
24,3387
35,6983
58,5033
68,10837
31,2589
51,7661
67,6503
55,2941
57,8859
36,3713
43,6015
79,7865
47,2795
71,4621
38,3681
32,6753
52,5039
60,3283
28,7357
39,4877
61,5429
43,7433
40,5441
79,6773
24,8237
70,4885
58,7723
62,7769
52,7839
44,8295
80,3271
50,9517
76,3407
55,2985
64,5523
40,10457
32,5181
45,9957
67,6411
78,3319
49,4051
66,2949
22,3813
51,7735
25,3779
76,5045
71,8091
26,6375
64,1859
49,6917
49,9121
42,6045
73,5247
31,4973
28,4513
50,12087
40,4885
22,12243
46,4511
45,7697
59,12313
33,4215
49,3037
46,6897
51,7069
61,12475
34,8241
62,5775
50,2499
46,3003
49,3025
44,5197
34,8383
72,6629
37,8087
22,1999
45,3403
53,5703
64,7073
77,4207
73,5801
57,10563
28,5765
75,4633
72,8029
42,5155
79,4895
38,2987
69,5691
45,6515
57,5601
31,16091
26,6353
69,3013
79,3241
34,1987
38,5131
61,5857
42,4207
61,4359
56,4943
70,4785
22,5681
64,3819
54,8277
53,5221
39,1921
45,7657
49,7519
60,2537
77,8613
54,4079
37,4649
51,4273
30,4903
46,7963
42,2265
28,6713
52,7431
70,7605
56,4287
30,8309
45,3233
68,2941
71,5823
43,7041
20,7435
37,11833
75,4205
53,4077
52,3383
66,6765
41,4347
51,6337
43,9459
74,4725
46,2779
31,4817
71,11167
34,5917
59,9633
67,5775
40,14271
34,10355
60,3847
79,4887
55,7667
47,3535
70,2625
48,12649
79,7981
75,4599
42,2261
31,7091
20,4821
53,3779
20,6521
28,6745
77,3779
39,3257
56,4159
57,8749
32,7187
76,4217
67,10189
54,7777
48,7947
59,6565
80,9367
61,5425
43,3275
65,7729
37,9717
58,3611
46,2873
68,11569
41,7571
49,7851
35,5971
30,3989
28,6649
33,12887
63,3327
57,7345
20,10145
71,11125
57,2963
41,7141
48,8397
20,6399
21,8291
59,3287
47,5429
76,6639
55,2631
54,7905
47,8783
67,3701
44,5527
40,6553
45,5165
25,4465
27,5661
31,6013
42,10737
36,5093
77,4807
41,4387
22,3459
52,8915
41,6227
65,3009
43,10945
60,6229
27,5139
26,3661
25,10629
60,12705
22,5591
36,7121
46,7095
38,2777
30,6321
77,4591
28,4381
70,4869
68,10601
42,6727
38,4707
36,5727
71,8365
34,10531
50,7047
35,9621
33,5613
59,6223
31,2189
45,13929
23,7281
31,2739
39,4583
76,5495
49,7627
44,3943
35,4847
32,3177
53,11043
56,4227
46,5365
23,4809
51,6299
42,2189
64,6799
59,6603
64,3847
60,3843
72,2115
58,3365
54,4835
49,6383
51,9779
20,7097
53,3205
78,5991
67,5443
52,4979
76,4421
50,6567
49,11097
32,13931
36,12211
66,3071
44,5271
52,5345
58,5427
67,4141
80,16987
79,5261
27,5767
44,2735
69,3579
39,5255
62,6901
67,3815
55,5027
61,4269
62,4285
45,4945
34,6017
35,13177
61,4833
28,2649
34,5769
23,9995
46,9311
46,8365
75,8827
77,8073
38,4519
21,3123
37,6663
40,2655
56,7971
31,9257
31,4061
41,6459
49,4603
25,7297
75,7701
22,4087
27,9141
71,2917
55,4583
62,6909
76,4699
50,4463
35,4483
35,10263
30,4571
46,9973
57,4619
45,5031
48,4675
37,9381
33,18463
45,5557
30,6833
70,5181
75,5545
55,2777
31,6085
52,6733
32,4427
67,7823
31,3769
48,2813
62,3465
48,9293
69,6991
37,5651
45,9603
20,9769
42,2723
68,2763
65,14007
30,2647
72,6785
54,5531
52,6897
48,9981
61,7373
30,2965
21,5589
52,2883
43,10077
29,7335
33,11015
30,2831
63,7561
29,13097
34,7977
60,3211
64,7311
65,4449
55,5395
43,5923
80,10503
67,5061
45,8947
78,5531
30,11971
22,5439
47,3691
45,13081
69,12305
36,8009
29,8023
68,4991
79,6223
57,9965
78,9103
32,5461
27,3523
47,5799
64,7653
40,11679
71,3653
62,7451
37,6461
33,11421
54,7439
59,6927
45,2969
54,12017
72,9763
21,4807
38,3497
62,8909
28,7273
37,9161
46,2923
29,8397
65,3269
54,4677
35,4635
66,8199
36,6605
66,10197
26,9025
72,5201
29,3051
65,7493
78,15583
30,3181
65,8261
41,3171
37,5101
52,6725
55,11663
46,3629
78,7319
27,7321
63,2229
70,4119
31,6211
59,5319
65,5789
76,4225
34,5159
28,2873
72,5223
70,7959
57,1995
29,3867
26,16935
72,10747
67,6923
48,3657
77,5845
23,3669
45,9325
77,3559
69,5517
51,4531
79,10457
77,7211
70,3649
65,3801
69,3963
55,8341
22,8671
56,6751
54,9821
80,6849
39,4021
35,4807
71,8219
29,4385
49,8247
35,5201
41,4221
36,3907
49,7403
77,5153
39,5985
31,3927
69,3653
53,2951
69,8043
50,5021
80,3827
70,6345
22,8941
24,6201
78,5555
52,2597
41,9575
49,6507
63,20285
53,3143
78,2619
38,6417
64,3883
66,2777
34,5105
35,14547
61,4273
78,3721
75,6013
31,5545
78,8131
69,7333
39,7387
33,2957
72,3943
66,6835
23,4573
26,3693
79,4227
51,6527
80,3285
58,5679
37,9401
58,4849
51,7239
38,5049
24,5199
27,5307
80,5301
68,13009
24,5415
63,3855
59,4459
38,4753
76,12213
41,4369
68,5963
27,4151
63,3605
77,5315
76,5883
41,14121
78,3451
54,5443
26,5617
53,7379
71,17557
39,4029
80,5887
25,7505
31,9141
77,5369
76,8829
70,4795
76,4781
78,7763
50,6173
42,6541
37,12475
70,4163
28,8477
70,7569
22,8259
52,12795
24,4327
39,4357
57,9669
69,10621
40,9287
67,3955
27,2933
52,4479
71,3533
37,5281
68,4663
26,5515
23,3611
57,5335
27,10097
24,5577
64,5291
72,4797
61,5357
54,4329
53,8925
71,6409
29,5061
74,6945
31,4047
23,3441
37,3337
48,5387
38,6899
40,7663
79,5289
75,9963
58,5007
67,5119
42,4219
53,6831
26,2401
34,9051
55,5967
57,4759
26,9621
22,5057
60,6819
67,6685
25,5417
80,4701
64,5709
61,5805
78,4719
65,7585
70,10823
31,5007
73,15515
80,6139
33,7741
61,3885
21,5039
70,4963
64,4369
23,4395
47,5061
21,4199
33,3357
24,5855
56,6253
56,7541
42,6395
61,6651
44,3611
37,14973
53,7155
51,6137
51,3213
30,5877
28,4927
65,2307
45,6019
68,8473
27,6281
53,10631
55,6963
41,11467
54,9893
72,5581
44,5753
53,3375
53,12399
51,4373
68,7659
51,6981
74,2575
59,8417
77,6253
55,7939
37,3831
44,8191
54,7043
73,2887
72,8809
25,5343
20,6535
49,14863
73,3681
77,6695
46,4075
38,4291
20,5267
54,5635
22,16491
52,7407
38,4725
32,3639
71,10855
65,5525
32,4989
56,6611
67,8849
31,4309
38,7023
35,10171
37,4799
46,6149
73,4377
79,4213
68,3811
53,6925
70,18863
49,5277
43,7435
59,4933
47,4923
37,5949
74,7985
66,6977
39,6905
60,7473
65,4161
49,5999
73,9219
42,7275
35,2543
61,6051
34,4169
28,11443
53,6143
26,11275
20,4551
52,8053
22,6249
23,3901
57,6061
48,5895
61,6349
47,4545
60,4591
24,6887
79,6041
49,6865
60,6801
37,7421
67,5231
56,5333
77,4821
22,9199
30,9281
48,11479
46,7397
42,4285
31,6711
22,6333
77,6621
72,4453
76,3517
59,6273
67,7685
75,5011
28,2083
69,3827
53,2207
50,5587
72,2535
39,3887
66,6155
63,6793
53,3957
30,4469
38,4649
47,4753
46,2439
27,4601
55,4951
47,5939
27,6327
38,5465
26,3921
22,6959
62,8945
53,8451
76,3207
40,3117
69,4519
56,3057
77,3613
69,6595
79,6793
52,9249
78,5221
62,3487
62,14615
22,2547
34,8273
26,4347
68,3699
36,5963
60,3179
60,7043
52,4977
75,3865
50,5001
32,2661
52,5127
37,5085
29,7809
71,4487
55,4579
38,11533
61,7967
24,4617
26,10993
36,13089
73,2431
23,3913
39,9079
60,7165
33,4303
20,3475
20,8977
36,2091
30,4153
36,6835
31,5993
77,6443
35,5725
48,13669
54,3059
71,7449
64,3485
54,4511
30,8329
52,9253
69,3145
54,7239
44,8843
66,3475
77,6989
60,7285
78,5791
58,7131
20,9903
20,3441
76,9099
34,4223
60,10017
57,9857
23,4105
63,2417
56,3321
49,6295
23,6837
70,2345
22,5531
58,6279
57,6483
65,6503
73,7121
23,4479
63,3771
71,13269
59,6047
67,10809
58,8619
80,3523
54,7619
23,24377
26,4423
32,5171
68,5339
42,1831
33,5711
64,6537
21,4751
28,3513
34,6449
55,2483
30,9405
35,6329
25,6231
40,4499
21,4411
80,7947
48,9427
59,4901
53,11253
42,11339
23,14077
35,5293
69,4641
67,3559
31,3409
58,7469
48,4759
61,5977
56,2755
28,8545
58,11857
65,6199
29,8323
30,6823
78,3497
57,8659
34,5751
47,11859
32,3543
52,3753
77,9363
34,5925
46,11199
24,10373
56,8975
27,4311
24,2823
44,3473
30,2417
23,14327
24,6165
74,4283
74,5049
20,10311
32,4365
46,2931
35,4873
34,5881
36,6475
57,4127
59,7375
49,3093
70,5911
21,5527
28,2045
75,7721
54,9821
44,3831
32,7141
73,1693
56,9643
80,11295
38,2585
71,8383
54,4299
40,6655
65,3475
63,12147
21,8127
46,3665
63,4877
69,2767
21,3373
73,4555
23,9345
28,13935
66,8685
36,6153
61,9025
49,7485
61,4643
77,6003
80,4455
58,6227
38,2985
38,3777
59,5707
26,2483
53,8667
70,9731
32,9047
56,5107
60,3645
34,5205
44,8485
22,5445
43,7183
59,7711
62,6333
58,7293
63,2927
56,4495
75,6567
73,4721
79,2099
34,7013
23,6559
72,6219
56,10543
37,7243
56,4249
45,3107
60,5617
55,7025
24,5405
27,8349
46,4439
78,12859
20,11223
52,4735
41,9953
24,11745
21,3543
63,5207
23,15941
69,15729
39,4453
60,4913
45,4623
54,7337
60,12525
35,19981
70,8253
47,7837
45,4885
29,5333
80,6839
52,4437
27,6713
38,11453
36,4867
37,4623
48,5587
23,6353
25,10567
68,4333
72,8999
59,6023
48,8419
42,6189
63,4337
20,6919
50,5837
76,6569
31,8641
47,4417
25,2527
69,4651
66,3321
39,15253
74,4041
76,10557
40,3899
66,6955
60,4197
37,2685
32,5805
28,5669
45,7563
42,3165
44,5535
20,3765
72,4713
45,7295
60,3401
51,3015
28,5567
40,11331
71,8575
23,7081
65,2599
73,3797
56,5513
23,5993
62,3109
68,2771
71,4139
29,4923
30,3647
56,3651
20,3603
54,8695
56,6169
69,7063
50,5089
64,5575
39,6497
36,6257
63,4199
52,4889
53,7861
73,3625
20,3761
44,5367
73,7987
73,4931
76,7969
38,18263
51,8439
77,12599
62,4259
43,3709
76,7601
39,3591
50,11869
46,11819
28,8425
38,6291
69,8839
43,4139
71,4401
72,5779
32,4563
64,3465
54,1959
63,2037
44,6003
27,12591
48,3963
69,5125
57,9195
59,5715
74,6255
57,3983
36,10773
45,5421
50,3797
70,5821
78,6693
28,7153
31,5787
51,6183
76,4913
70,4791
75,2727
57,2045
31,7685
22,6031
66,5781
57,6999
20,3499
63,9231
33,7745
60,8483
23,5893
61,3751
72,6161
31,7411
56,8243
66,3121
75,4349
76,3465
45,3983
50,6979
45,7059
54,4931
48,6599
59,8917
63,4577
45,6095
68,2503
53,6853
75,3683
62,7961
47,10821
50,6085
30,3965
56,3583
27,5383
25,2847
42,2829
79,4957
56,14747
29,7685
57,8295
20,4121
79,3925
22,5617
55,6763
51,6361
24,2883
49,5025
32,1675
52,12809
56,11043
50,4633
34,6309
58,4027
67,7103
21,12693
27,2443
48,5727
55,9319
21,11351
73,3983
45,8147
71,6883
63,3687
21,3637
68,6193
78,6079
77,3579
64,3455
49,4029
58,5583
42,4099
27,8625
27,7593
27,4177
71,4221
51,5807
80,5061
40,9029
69,5471
30,6729
67,12549
41,6045
68,5495
47,6541
47,6863
74,4735
59,2933
60,7589
36,11193
31,2855
40,7095
31,5463
47,7723
54,4077
54,4809
46,3613
56,3585
40,2861
53,5569
52,8925
60,5035
78,3079
67,2701
52,11677
25,4815
39,13485
41,2629
64,7199
25,4171
42,6875
47,4269
26,6629
34,8797
21,11805
55,6585
46,2741
47,1867
35,2857
54,8449
74,8695
33,4485
65,3995
44,9895
42,7501
47,9069
79,13443
61,7709
39,4931
63,7697
31,5911
57,10501
61,3419
59,6009
64,3915
61,6339
56,10015
72,5133
70,6903
67,4337
27,2437
64,9787
40,10155
37,15659
53,6195
75,6261
58,1779
74,5287
80,5401
57,5699
65,5331
22,6677
53,9417
54,8213
55,4571
74,3089
50,2879
73,5475
35,6035
78,14987
52,7177
62,6371
63,14683
44,3671
43,4749
46,3905
67,3125
65,7969
53,4801
52,8485
73,4029
31,1749
46,6167
74,5081
31,7687
47,4777
50,8379
59,3109
51,4213
41,5465
39,5557
50,2251
48,8007
43,4913
35,11739
65,4029
30,7601
37,4023
32,6649
60,6909
43,2711
37,2139
29,5539
43,9727
73,4705
33,8941
42,6881
55,6177
67,6697
25,3775
78,3073
51,3521
50,4041
47,4001
71,9081
33,9123
23,5281
72,6469
76,14511
66,13057
67,3733
21,6725
44,5355
47,1167
22,4093
40,5797
41,7981
46,3343
66,8103
66,8825
75,5549
41,12809
37,5693
24,6849
26,5637
55,4029
23,3577
47,4563
37,5143
62,3531
57,7241
27,8369
45,5389
69,3379
22,4079
66,4243
61,4747
54,7331
64,5009
71,7835
41,4973
72,3735
29,4431
25,10713
79,5371
37,7513
25,5089
57,2769
30,12323
26,5227
50,6525
62,6385
21,4753
23,10655
48,2551
57,5975
43,8989
65,5073
71,4973
75,5575
68,10179
51,4449
32,3933
66,4773
42,5201
41,7537
78,7611
27,4273
47,5375
80,10067
42,2969
56,5781
62,7441
54,7199
62,5235
74,10905
26,7867
48,4079
57,3371
31,2707
24,7071
34,4113
61,5023
40,6323
34,4795
43,8761
68,4705
78,8855
25,3017
67,3883
54,10553
37,5023
57,4079
67,8245
73,7849
69,5949
39,6181
41,7647
28,1937
69,5453
70,7001
74,5045
76,9177
73,4753
38,6559
50,6113
76,3617
63,6777
56,5421
78,4539
23,2569
79,4605
23,6369
47,2549
50,2737
42,7613
34,17231
80,4633
75,5623
50,5147
59,3607
64,3295
26,8357
34,5847
33,4113
67,4335
20,13497
48,5581
21,12097
76,3533
51,16053
57,1939
25,3469
75,4933
46,6421
50,7813
43,3919
38,6813
74,6741
23,12185
80,7423
77,5657
78,7155
70,4175
44,6195
76,5179
64,5807
76,17577
61,9779
29,9577
71,5069
67,12633
24,2925
30,1673
22,2267
31,5803
25,11053
75,7879
26,5885
46,9005
26,3893
56,10721
41,4945
65,6815
65,4609
29,5323
63,6461
75,11365
59,9767
74,9049
75,3961
47,3375
72,11005
52,8715
71,3465
37,7455
20,7895
74,5773
79,4821
76,4783
54,6881
76,5789
50,13351
58,11041
71,3395
63,6153
67,8873
58,4681
49,2977
59,6275
52,6371
67,3765
64,2357
46,9791
60,5663
72,4389
80,3791
64,7693
46,10271
76,4201
43,4017
65,7691
60,13237
51,11091
34,3583
50,7147
21,6523
44,5493
65,9829
44,7619
64,3397
55,8535
63,8971
71,4843
28,3577
37,5115
22,5105
24,9605
66,11013
25,5307
45,3185
20,9101
53,6991
42,8793
37,4415
72,12437
45,5113
62,8625
49,5107
59,6099
24,7997
40,4195
32,5225
44,4629
48,8565
38,3819
24,6491
57,6549
73,3779
36,5735
20,6143
69,3511
33,4539
20,5427
57,4607
34,4243
35,2515
71,3363
80,3875
28,3775
38,6365
44,7787
66,6313
54,5435
44,4745
78,7661
77,3011
45,9447
33,4361
65,7741
43,8761
47,3607
49,2321
40,4019
75,5615
43,4311
79,3027
69,14375
56,2537
79,7483
36,4437
38,3321
73,8031
37,7285
64,3939
75,2831
37,12385
71,2849
40,3691
25,7247
75,4051
51,6081
23,7345
40,2221
28,11617
47,14427
31,3109
22,4755
75,5607
24,3833
45,3921
28,3827
38,6431
28,8581
23,6961
70,9173
28,2961
22,15681
78,8441
35,5851
75,10205
42,10919
63,4691
29,7405
70,6399
51,4441
65,2085
39,2557
39,6791
40,13995
23,2685
67,4451
47,4573
29,4595
43,23447
62,6105
55,6183
20,4913
35,1977
20,7489
33,5183
68,14665
68,3647
52,4927
27,8285
36,5093
38,6859
53,14547
26,4829
25,5639
23,9535
49,11223
64,9115
48,6747
53,5513
54,5435
69,4251
31,5965
74,2945
48,4437
29,7113
53,4937
67,7435
26,3245
22,4503
20,20747
27,3467
58,8557
70,4983
55,6225
26,3459
23,4959
70,8595
35,5781
62,2881
79,7631
80,10851
27,5173
41,6007
68,6641
40,7845
29,2661
75,5823
70,6269
58,3585
49,5415
43,4909
35,5671
33,3249
41,8979
36,9697
65,10191
59,7661
66,6239
35,3429
31,5049
45,4057
68,3669
24,4325
70,3743
63,5913
75,4187
38,8691
59,5415
64,5505
37,5941
54,4033
60,4921
39,7149
35,1981
58,6001
51,5845
20,6147
35,3077
75,8245
50,4785
74,9243
75,3693
40,7237
77,4797
40,5733
20,3745
63,1799
41,5515
59,5869
77,4299
22,3843
49,10483
34,9659
54,9461
46,2959
50,7245
78,5329
62,3553
48,13269
35,5465
50,5715
80,7141
63,9819
31,6361
63,7719
45,5381
26,13343
27,29623
29,4317
24,5711
21,5323
57,4771
46,8511
34,7875
66,8695
32,4541
46,14283
79,6743
36,12731
44,7643
77,4309
66,5009
37,5593
48,6401
32,4565
23,4865
53,3813
23,3683
35,6769
79,5961
72,6255
31,4867
40,4515
66,7971
70,4463
27,4843
63,5133
43,7021
20,7689
25,8639
78,9247
45,4281
57,9787
71,5461
49,4733
30,5013
48,7373
66,2519
71,7491
26,4585
52,4055
64,7625
71,3673
39,5001
79,5207
25,5645
61,7997
38,10089
27,2677
62,2335
78,11731
79,2863
65,5549
28,4137
35,3233
54,9399
78,2753
20,5449
23,8925
51,2725
55,5227
52,4247
30,7817
34,4911
49,6843
64,10129
62,6269
61,4003
63,8645
27,17861
47,3995
33,3009
22,8233
24,2871
28,1847
79,9805
56,5509
39,5165
72,5981
63,7997
78,6933
23,3563
44,5997
49,4823
39,5425
69,15259
53,6469
60,5331
29,9295
61,8819
25,8131
22,11853
41,6039
57,6815
37,12151
42,8651
63,9789
48,4687
52,5821
63,5393
45,5703
26,9877
32,3999
46,3951
68,11009
51,4581
68,11365
52,3939
78,2273
20,5885
74,4639
74,6361
67,4379
64,6989
22,9945
31,3555
55,5491
42,8039
70,7413
79,5737
37,11605
42,7279
62,5983
45,17207
80,6023
80,7753
66,12621
45,3139
68,5023
24,2911
39,5289
21,5003
55,10345
49,5321
31,6601
30,10243
45,5171
68,6527
32,7139
27,6737
64,4297
69,2831
62,12073
78,8337
25,8501
62,5289
50,7863
61,3569
69,7545
47,6833
52,11645
80,4877
22,3111
73,4967
21,4237
61,8093
69,6319
63,7133
53,10255
55,4893
34,3767
70,2757
68,5457
58,4737
27,10803
67,10701
59,6043
67,4433
44,7409
75,9199
47,5301
74,5087
74,3219
26,4273
37,5831
71,8189
35,5511
55,7401
51,3677
23,6841
21,3323
24,4811
71,6485
48,4309
79,8423
34,8213
59,8251
27,18303
62,6015
64,3627
41,3653
71,5535
64,4777
79,4265
40,8339
56,4591
27,3553
33,9993
66,3693
64,1755
75,5285
22,3387
75,7687
73,5105
39,11203
37,3399
35,4535
24,6529
72,5357
29,8201
51,8139
37,6899
45,5299
24,4993
24,11301
54,5501
72,12025
54,6063
30,6431
56,5325
20,5099
22,7137
43,3061
53,7583
73,10417
54,4549
32,4355
53,4801
50,11065
32,6739
51,7491
34,5985
36,4965
77,5887
26,7307
61,9433
21,6503
48,5657
46,7377
73,7301
52,9869
69,8437
31,2543
55,5131
23,3405
37,6161
69,3993
55,5857
29,8017
58,4201
68,5709
34,8221
25,6923
78,2965
35,5241
78,5621
30,8467
20,3953
66,3451
27,4331
55,4325
32,4915
52,3007
31,5199
79,10581
76,6699
79,7301
59,5507
67,2873
49,3545
26,10003
79,4763
22,3829
29,6899
21,2323
55,8465
34,8879
75,11557
32,4169
53,2981
59,3841
60,4119
62,7255
59,6969
30,4541
34,9983
26,9883
56,4267
44,18425
69,7515
56,2947
29,3757
64,6573
40,11397
72,7455
49,8521
32,8521
48,8763
45,4575
40,6539
51,10945
41,6313
75,6473
77,6207
67,8237
25,6501
60,6181
44,3939
45,6449
32,9255
23,2753
54,2757
60,3601
76,6461
79,5003
53,9619
72,6459
33,3945
74,6173
37,2395
38,2965
33,2187
74,5387
54,5423
64,3907
23,8905
79,2693
26,4311
46,4121
36,5857
35,4013
53,6491
63,7667
38,4521
50,13809
77,5933
63,4059
71,3127
35,3307
25,14751
65,11767
68,5947
67,6645
40,7713
73,5207
23,5987
25,4795
53,7777
47,3919
34,3785
48,5939
52,3073
27,7789
49,6671
80,6325
62,2913
69,6279
64,3011
22,8833
64,4313
42,10751
45,4473
41,4185
35,12423
71,6303
23,5721
51,11671
41,6083
79,2917
69,9995
77,6025
29,6475
61,5779
28,4435
62,4753
46,7515
67,7665
52,7113
41,6857
78,5687
64,12009
72,4969
53,3767
25,6165
57,7635
21,4999
54,11453
25,5159
43,6923
80,8351
27,5107
34,2061
27,5119
75,6623
76,8889
20,4921
42,3545
44,5245
59,8481
25,6167
37,7507
28,3213
70,2169
74,8771
69,3683
32,7545
21,5945
69,4749
25,8743
40,3771
47,4309
70,6687
71,6995
71,4751
65,4669
43,5255
76,5957
77,6169
79,4363
63,11375
41,1883
44,3577
31,4771
50,5919
32,10135
47,11445
73,4017
23,5021
70,6633
47,4421
71,6829
63,9275
62,3655
26,7645
52,8003
72,3213
51,3899
39,6475
54,4575
55,6233
77,5247
59,3551
41,6299
34,4365
40,6981
76,3487
59,3659
38,2457
45,7443
37,5309
70,4037
37,6449
31,7717
53,7603
29,2473
30,3557
31,4305
34,19705
27,4369
26,6053
37,3047
24,9171
80,4003
65,6701
78,5119
35,3075
44,5573
50,5337
33,5285
71,6925
52,2271
79,5139
61,3657
74,9305
51,6145
51,10535
74,3701
27,7969
31,3039
47,8251
33,4327
66,6123
69,6553
80,5365
74,7341
76,6829
52,5331
52,5645
80,6233
28,8545
74,2627
55,9129
61,4873
24,5615
43,8171
63,9171
45,7613
76,3077
33,3815
37,4755
30,7287
41,8185
66,6585
44,6249
25,2193
51,3921
80,7817
57,3099
48,4613
35,4709
74,11429
29,4937
65,4233
30,8573
65,4083
69,2783
79,7649
31,5905
78,5133
49,9175
64,3301
60,7269
66,2883
79,6925
49,5413
38,2381
38,7195
64,2661
59,4737
53,13773
23,5989
29,6983
52,8833
31,4235
66,3931
29,7943
72,9341
58,4935
59,3245
27,5161
72,3563
44,8609
28,5599
46,2853
59,3135
52,3729
36,3589
34,4295
55,5463
60,3823
72,5313
71,13281
31,11121
36,10575
27,5291
78,7527
29,3653
66,5609
35,7433
69,10071
40,8007
65,6079
48,2881
76,11271
29,4047
32,7359
26,22857
51,7787
37,6619
76,6651
59,12001
55,10615
26,5315
69,10091
34,10829
59,5869
29,7891
21,12993
77,8397
40,8507
71,6207
61,1817
52,2923
36,3901
24,7169
77,12955
22,2765
47,4045
42,2887
71,1861
20,6559
38,4261
56,4193
52,3355
56,9693
62,3917
56,5889
47,3873
69,7071
42,3845
37,9459
45,2851
22,7925
25,5223
22,4165
59,2769
27,12377
61,10037
50,12639
30,6955
39,2995
48,6977
39,3129
46,6585
36,4863
76,8347
77,3995
59,4517
32,7755
54,10783
40,4825
70,2923
27,5017
57,2993
31,3693
44,5537
28,3025
37,4303
71,6267
52,9295
43,2105
60,8917
42,7559
52,5035
77,6355
26,6443
40,5965
60,6099
33,11815
32,3081
47,8709
58,3421
22,4091
79,4035
51,4265
26,7517
61,9245
75,3781
67,3825
56,2169
75,4455
20,3201
56,7275
27,3391
27,3357
67,7927
39,5649
62,3867
20,7961
35,3233
52,8053
77,7905
41,5855
38,3249
54,7615
70,10159
42,3741
28,4131
64,4595
34,17923
42,8743
20,1947
22,6827
76,2771
31,12061
25,3523
53,8795
42,5317
79,14705
79,3867
62,6033
27,8083
22,4129
66,2729
28,2881
77,5241
29,3683
36,12289
59,5595
60,8079
20,3243
64,2759
76,5135
43,5631
35,7621
67,5777
52,5919
75,3293
42,8249
71,15467
46,3697
32,2391
46,7453
71,8871
38,4843
28,4977
46,8889
78,6643
43,5777
48,7899
48,4897
31,3421
63,6209
53,6701
65,9985
76,11495
70,2721
76,5099
46,4175
46,6121
38,7649
30,4845
65,5391
52,3263
46,4745
79,3799
78,3107
27,6815
60,11737
23,8735
58,8493
55,5693
77,4883
29,7985
25,15479
65,11777
38,7719
51,10653
59,3809
24,4639
71,3595
74,7399
29,8949
71,4125
34,3587
36,10215
43,2369
21,13077
21,4681
68,4845
31,3229
77,7035
62,5927
71,4517
76,6197
30,2173
76,12913
35,6765
40,7561
79,3023
68,4987
62,5565
26,7861
59,5473
53,5059
64,5793
61,4575
72,5663
23,8219
70,12021
43,8739
26,4093
29,4813
76,5113
31,11355
58,6431
29,3809
43,6263
36,5109
43,8161
78,4123
55,3411
47,5371
37,9813
45,5693
55,6153
33,3621
51,5979
78,4263
77,8773
41,13507
58,6283
41,6435
36,3541
35,6583
67,3607
21,4093
62,14557
43,7299
45,13731
22,8117
56,5619
51,8493
59,6277
54,9029
76,3759
69,6409
41,6423
29,9851
72,4635
42,6277
57,9801
21,4761
67,3215
64,2791
68,3241
34,5433
59,5535
22,6293
44,4635
44,4571
47,5579
51,10817
59,4419
29,9595
31,6247
42,4503
59,3143
27,5473
52,3667
61,3519
64,4385
67,4669
40,7683
29,4779
80,12959
74,4307
74,4845
43,2727
76,9213
28,4169
26,4729
76,5757
63,4127
62,4213
30,5083
59,5599
77,5599
38,2255
50,6571
69,5933
78,5899
41,4813
77,10417
26,3483
45,3837
52,2111
70,6743
70,6491
54,6443
57,3793
45,6953
74,4881
54,7787
71,7723
43,3415
48,5547
80,4929
49,5689
43,4765
51,3093
79,13177
31,4363
40,4759
45,9093
65,5913
65,5833
44,7939
38,4311
80,6389
71,7457
30,3869
78,10213
42,8325
69,5243
45,3223
35,6287
57,7065
21,4411
70,4907
38,6399
69,4727
36,3845
64,11585
38,6201
77,3977
47,1689
77,4497
77,2839
57,12589
44,6919
72,6449
42,3371
73,6203
76,7705
42,2781
72,6655
49,3061
62,5097
65,5173
55,3363
50,5905
72,5363
27,2857
23,5819
56,5803
25,3695
32,4847
23,3387
28,4553
63,2997
43,3931
30,3433
27,5451
73,3389
33,2151
52,5367
34,4163
52,13401
80,7133
37,8197
29,2643
50,6499
51,9519
80,6095
73,3307
66,3745
39,6733
79,6177
48,5817
34,6893
21,3061
71,8631
69,5561
45,2883
75,3399
74,8295
62,3409
58,7471
32,14707
75,4657
55,3881
52,4817
69,4943
77,5531
69,4787
43,5099
58,11337
76,18433
62,5121
67,4723
29,6465
63,8111
43,8243
22,18197
56,4167
68,3791
62,6037
42,5333
38,3289
25,11449
76,4301
70,5599
59,4371
21,10191
34,3757
51,2823
32,8793
27,9069
53,4209
22,4005
68,8895
31,6661
48,5017
64,6205
43,4225
62,5149
28,4789
55,2973
31,5581
80,6675
42,9891
52,4239
25,7881
39,4563
44,3057
79,4419
80,3407
63,7813
74,9479
55,6435
36,5143
21,5813
60,5447
50,6539
35,3043
62,6699
29,3065
50,3659
29,3857
72,4921
27,6541
38,7515
72,12801
63,8629
27,14533
56,2705
71,5273
56,4513
58,8825
68,4097
22,3291
78,2615
57,10441
80,4957
49,8511
32,5811
61,4849
55,5285
75,3547
54,8715
79,4985
71,6437
68,5531
60,7613
45,5991
22,7459
61,5747
43,11577
79,5629
45,10905
44,2817
34,4471
22,7599
58,8275
32,9773
34,7031
37,7473
40,1833
32,3877
22,3705
52,4807
48,4891
78,10373
51,4851
22,8281
63,5705
49,7133
74,2991
72,5069
22,11869
54,5631
34,4085
66,9059
38,8623
44,7845
35,3915
48,6951
77,4555
58,5755
34,5381
79,6389
28,6475
70,15727
61,5317
39,4133
40,3707
44,8511
26,8727
33,10537
50,13611
47,4833
79,5197
29,8013
52,9099
62,10663
27,16889
76,3557
24,6241
32,3579
20,2699
57,9001
22,9799
40,2995
74,5151
63,9537
68,4779
21,6085
28,5189
40,3491
67,3347
41,7159
36,4189
79,6487
48,7325
54,2803
41,6101
57,5659
50,4339
72,3941
36,7969
59,5533
78,4221
20,2865
37,3109
68,6377
55,6489
55,7103
79,4457
55,9897
23,5753
70,6049
23,7687
32,6705
38,9023
50,6475
40,5763
75,5335
56,3063
55,5851
22,3935
76,6617
60,4607
42,3203
32,18185
31,5159
33,7495
51,6915
36,4463
67,7141
60,3495
23,3459
60,4943
33,3739
20,4593
67,3063
77,7501
38,12371
78,4109
35,5479
32,3973
41,5709
47,4981
69,3873
70,10849
67,4645
50,2473
67,4763
22,3959
69,3631
35,7251
79,6987
48,1703
29,2345
29,5445
80,5279
31,10947
66,7059
25,4193
27,5227
80,8749
65,4609
21,8133
78,9705
73,5085
36,4849
39,6949
76,4049
69,8265
30,3349
61,5611
53,6307
41,5887
21,3453
36,7147
47,2707
74,5117
36,11239
36,3389
46,6639
50,8385
69,4483
48,6199
69,2727
62,11249
24,7531
65,8105
53,3155
60,9663
42,6321
32,6677
49,6177
45,2947
40,3039
56,6111
44,5625
53,4237
32,7613
77,8199
26,3073
49,5129
53,3605
25,8117
28,6533
78,4143
41,4023
41,2069
54,9177
23,6457
33,7095
38,1935
79,2735
63,5087
62,6433
55,3813
80,8179
73,8399
59,5091
65,8299
70,7497
53,3693
69,4573
32,5265
42,9201
76,14379
43,8687
20,4607
56,5305
71,2289
38,4193
55,5225
59,6763
65,4239
24,7867
30,3805
22,9393
27,7613
58,2907
27,9273
43,8103
52,4927
64,5719
23,4815
20,12827
40,3875
78,6769
49,5471
58,12029
74,2803
31,4673
23,5533
61,4303
61,6975
40,4737
70,6829
40,7113
29,6597
41,5251
56,2719
54,5169
53,8367
44,2627
27,3969
66,9165
56,4567
71,4525
47,1599
23,2633
27,8451
48,4253
68,8487
26,7001
54,5827
54,5501
36,11203
56,9879
48,4143
22,8335
76,6903
28,6777
22,3087
27,3689
62,2881
44,2555
60,2739
51,5365
39,5799
57,9403
79,12291
41,4549
21,5895
57,6081
75,2871
53,9323
77,6631
26,9041
44,8405
53,8007
65,3837
51,5713
60,7317
68,4535
24,2651
44,19665
24,14899
62,8663
34,4679
47,4667
54,7401
54,2337
70,8845
43,4861
56,7431
22,2969
60,2971
74,3637
21,4665
32,8951
62,2895
22,4187
51,4803
46,5335
61,6443
59,7255
35,6163
25,5457
30,10385
53,7329
77,10391
66,10015
31,6207
76,7999
29,4067
50,7883
64,5513
51,4939
52,8837
39,2425
20,6943
77,2055
49,3007
57,3121
59,5315
60,5471
62,5441
64,5493
59,2517
66,7265
63,6903
40,7617
29,1475
26,5245
52,4877
73,6113
54,6145
80,4287
64,3855
76,4155
54,8259
73,9117
66,3401
25,3921
41,16329
59,13025
71,6491
55,11749
43,7279
30,6849
58,15527
29,5837
37,3983
67,5473
39,1623
49,11199
33,13011
25,6497
55,3375
22,6205
76,3521
53,10469
29,7369
29,4223
58,7685
76,7815
47,6745
71,5021
24,4747
30,2301
52,8205
80,11191
71,7475
31,3923
23,11501
67,5361
23,3839
56,4073
23,4359
76,4251
39,4527
50,6171
44,6401
55,4817
69,5341
53,3141
78,3215
35,3855
33,9827
55,5253
40,6817
69,6643
52,9383
77,5357
36,7887
50,6907
76,8475
44,6173
73,8483
53,3801
55,6527
67,7885
35,8989
22,11087
40,8503
50,2825
25,5417
40,5609
73,11973
48,4219
50,4471
35,4917
59,5465
34,6187
71,6881
64,18821
61,3951
59,6177
26,5097
55,12395
21,4225
55,9399
42,2713
32,5653
58,10089
28,7511
60,8029
49,1903
27,4163
64,3847
66,6341
25,5633
46,5923
46,4471
41,6489
72,8443
23,8343
40,7901
32,4403
50,4683
55,4277
38,4393
73,6963
47,4975
36,3519
62,5431
22,8239
48,3467
61,2841
39,4579
30,12241
79,5989
52,3775
71,11603
39,13559
71,4097
74,9197
50,6783
46,7675
78,5307
70,8753
48,8937
54,4479
69,8819
22,8315
78,3773
40,3661
24,4813
65,6189
66,7707
39,4041
73,1947
27,6193
35,8435
40,3423
37,9525
56,2953
61,4343
38,7225
61,7181
44,5137
28,4233
32,6329
23,10873
21,6411
80,11081
66,7479
21,4145
66,5333
72,10341
74,5115
44,4883
68,3545
79,5307
34,13605
63,3425
56,6297
60,4837
46,7247
29,4495
22,5671
26,13149
31,9363
24,3121
40,5015
70,5291
22,4153
31,2499
60,5299
22,5131
64,7179
65,4127
70,5021
74,8889
55,3987
30,4835
34,4009
35,5127
52,9473
69,8531
57,5905
21,4859
80,4705
65,10199
37,7483
54,5849
32,9103
54,9955
44,9239
53,11933
77,7193
24,8351
39,5069
59,6581
66,13577
38,9153
21,6333
79,4103
48,4103
58,4277
30,5153
79,4449
29,7515
40,6733
30,13749
28,5151
29,4181
39,6193
80,5351
49,6495
28,10547
28,9249
31,6411
45,4359
78,2019
74,8715
53,2909
73,9027
35,11349
73,8517
71,4363
74,8031
39,5421
39,3857
73,6271
27,4739
75,7169
43,3767
73,8667
38,8437
75,9409
43,2987
29,7007
26,3755
46,5333
20,2285
74,4611
51,3817
24,3595
23,10101
37,5171
64,5531
63,5977
70,5881
49,4905
79,5911
56,5939
80,5783
75,12007
53,4913
32,4607
54,8907
74,10255
75,2799
20,12357
70,3989
27,4653
34,13241
41,5877
40,3761
21,6531
74,8835
32,8449
76,5901
70,5823
77,3049
22,6723
73,6161
23,12249
38,7573
73,5671
65,7519
24,3843
38,7265
61,4221
31,6623
42,2883
34,4181
26,5773
40,3179
76,5783
44,16959
76,7899
30,8637
60,17109
77,7771
73,3123
60,8947
71,3867
30,2497
58,5597
41,6415
40,2881
76,7343
62,7503
73,15309
35,5207
49,8713
46,8557
65,3133
30,4751
72,4811
59,4515
38,10249
44,2995
52,5391
55,2107
65,3619
35,5085
61,4495
40,7391
44,7295
59,5121
38,4869
38,5131
42,7135
44,7145
35,7863
73,10521
65,4869
37,9137
62,8401
27,6345
70,7217
26,17265
58,11619
70,3819
43,6855
62,6941
36,5721
26,4575
34,12577
25,2787
33,4437
67,4953
40,2449
28,5077
57,5569
53,6963
77,5809
30,4159
55,4179
77,4427
60,8957
54,8175
24,8823
49,4607
31,2941
28,5343
63,6505
39,4383
29,3719
70,8019
77,5715
27,10835
32,5005
29,7015
67,7799
60,4747
67,5821
64,5915
80,4097
54,4807
27,10065
51,6387
57,11123
43,5803
29,5035
45,5505
31,13185
22,2825
43,4441
71,8523
63,4319
77,6233
50,4715
55,5619
71,3043
44,3123
55,6899
24,8155
22,2139
24,4209
37,5775
76,8279
31,4745
52,5315
38,7925
70,5535
55,6003
60,3095
79,5003
20,9717
36,6909
50,3799
32,6097
60,8115
56,9533
32,6215
20,2787
30,4123
80,5451
32,6563
72,2613
64,5293
20,3667
39,5757
75,9837
67,2975
50,5539
23,8843
61,8415
63,5083
39,6491
62,11753
43,4345
38,4177
77,4829
64,4245
37,6283
29,2937
65,4673
59,6641
80,12255
47,3377
67,4833
21,5417
55,4783
40,4215
40,3197
48,4843
53,6209
33,5853
49,4089
79,3429
25,11325
55,6021
28,5141
21,3859
32,2491
65,7905
55,3907
21,5013
23,13915
46,14789
58,3749
30,6191
42,3073
60,1859
54,5249
72,5203
31,4559
53,4163
41,14977
42,5711
45,12701
45,7301
70,3141
24,3445
70,5093
33,2991
52,4959
32,9067
57,11619
40,3511
72,6547
63,6559
71,3623
27,6439
80,6863
20,5213
34,5975
80,4303
66,5127
27,7555
48,11635
75,4747
30,4133
27,8243
75,12547
28,7365
42,4899
72,5883
51,7407
42,4145
31,4501
60,5421
58,9763
49,4087
79,4197
54,3721
73,7033
61,12707
34,4479
45,3407
46,3613
32,8037
48,11447
49,9399
55,5829
31,5489
46,7775
79,1999
50,6255
79,6349
60,5115
38,6091
62,6285
60,5925
61,3877
65,6199
64,2379
62,4121
40,5593
58,4595
43,3931
27,5069
58,6043
30,10841
31,8607
25,9333
36,3611
41,11433
67,6269
80,6709
26,5223
38,6209
50,5713
70,5391
36,7309
50,3197
59,4917
77,3163
62,5249
72,3317
38,8983
35,4859
37,5105
76,8721
27,9719
37,3119
43,15649
40,10665
42,3087
68,6923
78,6581
32,3815
52,4357
28,6895
20,5117
34,4995
20,4607
48,7925
31,3955
68,9265
52,3821
27,8659
79,10491
73,6903
78,3773
62,4665
29,4681
56,3985
55,6185
76,7465
58,7265
80,8321
59,6841
36,6373
73,4063
21,10329
49,4093
64,4449
65,9075
69,4625
80,8003
77,8777
46,6653
20,3755
67,3269
52,5561
46,4593
56,3975
37,8481
65,7963
72,7763
25,8549
29,4703
72,7545
80,5207
57,4169
32,10355
29,3257
54,7201
21,9805
69,17487
36,6243
20,9429
76,6533
40,3367
62,5459
73,5613
45,8839
51,7187
76,8847
45,9435
60,6197
34,6825
70,8495
69,4127
26,10647
26,3209
57,4129
77,6385
61,4359
44,6883
41,8201
40,4097
52,4643
67,4039
60,7285
26,5329
40,5151
42,9977
51,8841
56,6055
73,8697
36,11383
80,6031
45,8741
40,6543
75,8189
74,6939
41,5909
80,6465
54,2983
33,5465
69,7575
26,4895
34,4503
73,6867
57,3841
69,5917
29,3379
57,4403
31,5459
58,6591
30,5455
34,6199
46,3751
68,8209
32,5169
66,3151
79,5001
58,3305
26,7219
78,4923
22,5183
74,10053
76,11727
59,7489
39,9767
40,5343
36,6367
23,7365
38,4191
42,11411
57,6207
79,7553
22,7237
34,7693
60,4673
60,4285
40,3119
75,8669
57,3815
59,6201
42,4455
68,3989
66,4813
49,6235
46,7205
39,5095
45,7441
62,7293
75,14329
41,7653
64,13657
35,9253
35,4533
63,3041
50,3739
64,4567
67,8059
44,4809
56,3683
29,5871
39,2931
64,10913
57,6047
56,5797
47,10273
36,2833
34,4345
47,5437
78,8599
44,2325
47,9509
47,7845
79,6273
53,5157
77,7993
64,10093
59,6289
23,4151
56,4141
26,8257
65,6647
58,8787
77,4553
41,4823
78,7275
29,5033
56,2127
52,7951
66,2445
24,8783
60,8039
64,7089
66,10083
27,7359
37,5703
26,11837
65,4399
33,5013
29,4457
41,5831
31,2631
61,5663
77,9757
27,4453
38,8431
58,7085
30,3799
51,4071
35,4791
64,5097
56,6331
48,6401
43,6601
26,7273
57,5613
65,6311
58,4293
44,5405
33,4665
73,7259
59,7079
80,4781
26,8401
32,4843
26,5533
30,3021
21,3789
31,10583
50,2289
78,5603
46,3651
53,6847
27,6207
61,4599
51,3877
23,5995
69,4341
45,4149
79,3659
20,3935
49,7365
43,2889
60,10719
34,3545
24,7451
75,2995
51,2309
33,5261
37,5215
33,3713
32,4237
62,6167
47,7531
66,2409
22,4011
38,7827
44,4909
43,4045
41,6105
59,3679
68,6213
76,4215
52,3853
38,4919
73,5151
39,7281
57,4409
26,4737
66,12389
44,10533
79,10419
72,5005
69,5909
23,4689
25,9519
35,11153
80,5253
55,4797
31,2411
65,3911
26,8249
53,4093
49,9905
76,4935
61,11107
20,7433
20,15691
68,10213
45,4029
54,9049
34,2963
29,7119
58,9325
61,4823
70,4457
21,2821
68,7971
27,7769
23,5981
51,3821
29,2899
67,4205
35,4133
25,7633
36,4311
32,6795
39,14785
29,4683
54,8959
66,8869
29,7037
67,4693
67,10359
64,12013
39,7019
65,5151
39,13131
58,4855
65,5513
59,3077
80,5969
22,5215
57,2637
38,5733
28,3001
64,6349
31,6433
62,7089
41,4205
44,6861
20,4755
80,7153
35,13083
47,4661
22,7799
52,7971
68,2883
36,3935
32,8155
37,9973
32,4939
23,8439
20,2975
73,5695
59,3717
35,5581
33,5817
42,4089
41,7255
27,9511
65,4451
56,4961
36,2793
44,4387
30,6415
43,2787
48,5075
57,9367
63,2841
79,5409
45,4819
34,6891
49,3335
65,6117
25,7655
42,3285
55,1885
69,5137
56,4497
35,3021
60,7641
25,5813
69,4541
22,5349
31,6123
79,11989
73,8765
49,8885
57,4167
58,8571
77,6995
20,5611
33,7263
66,8865
39,5111
39,8043
28,3989
25,3497
38,9917
76,3341
60,7857
25,9713
80,3831
56,5735
74,3155
34,7473
24,3763
61,3715
65,4591
25,10397
66,3817
47,3531
58,7719
62,3377
34,5837
32,3201
73,12115
22,5693
53,4791
58,2681
59,10119
69,6497
54,7917
45,5713
32,11967
66,5061
72,7749
44,4169
23,6569
59,9107
33,8977
42,5457
66,11373
70,7729
47,6941
34,2867
58,18305
41,4417
35,11109
49,18725
46,6841
43,6865
69,5161
49,5773
40,2841
25,2161
37,2141
67,4145
21,5111
42,5635
66,3557
80,8527
27,6405
37,6407
70,5793
62,5879
23,4441
42,3361
47,2895
63,6823
60,5153
34,12673
72,5463
71,5461
60,4909
33,8031
48,5773
28,3179
71,7303
42,5007
47,4795
31,7611
20,10599
48,6509
62,3897
41,4875
41,4803
20,5187
25,4471
64,13927
53,6869
59,10075
59,2277
77,2601
23,4927
64,6549
34,7813
43,5137
42,10311
77,7863
64,11183
46,5885
36,5733
76,4139
31,8835
57,8501
59,3199
49,2761
39,3927
68,3111
72,6419
29,4897
58,3373
44,6057
32,6319
56,2973
44,7715
33,5391
54,5215
63,6441
67,3813
20,7265
32,6859
31,7647
75,8493
44,5149
70,4815
57,5033
31,8175
49,5517
37,4795
58,3853
54,3865
39,3695
42,6803
26,9409
59,7173
65,10451
36,7277
69,7281
29,6093
65,6269
24,5025
29,6559
48,9539
65,9831
57,8405
68,4615
62,5741
66,9387
42,8639
52,6737
48,7189
64,6121
47,4309
55,4025
44,5759
72,7921
27,2773
23,7781
57,5869
79,7103
28,5017
42,15941
42,5413
72,11019
53,5101
21,6065
46,4965
34,3607
76,4453
22,10991
78,8985
21,5325
41,3093
34,8783
54,2417
45,6723
32,3901
46,9977
65,4645
69,6265
47,7227
41,9725
21,3557
54,3677
78,5075
52,8925
57,5925
52,4961
62,6119
41,3127
61,4003
30,8749
61,3671
60,3107
40,6809
57,5617
48,8873
78,4761
38,2345
68,11709
63,6689
75,6005
75,6901
37,3559
64,10621
28,6763
58,3681
72,8743
52,3785
51,8931
37,6605
71,5043
20,11881
49,4239
25,3441
79,6589
27,3103
47,4321
22,8847
52,1869
36,4687
28,3981
30,6973
39,10995
69,4727
32,3919
79,5593
30,5323
45,9193
38,4433
34,4147
25,2917
66,8117
32,4049
40,7295
39,10709
40,10659
51,5169
37,9627
56,3129
53,9683
47,2491
56,10161
23,4671
40,6353
20,6539
61,6709
37,7271
45,2947
76,6361
80,2879
37,6761
70,5581
50,5215
61,10183
37,8285
54,4961
57,6453
27,5539
72,7903
37,4117
57,5681
48,6097
27,7853
25,6755
67,5603
29,5793
42,8203
59,4517
63,3969
25,3515
64,4019
50,6251
56,4601
62,1709
36,6701
40,16303
42,3517
50,3945
61,4161
48,3461
28,2997
70,9183
64,8213
57,3815
49,13575
35,10235
44,6821
32,3865
77,3423
58,7319
26,3561
76,5039
54,7195
74,5883
67,3283
77,4361
34,8965
77,5803
64,6745
50,4319
66,4807
75,2815
51,5941
29,10807
48,3957
59,4421
59,5869
26,9005
68,5827
77,7299
34,2589
32,6241
59,6493
55,5481
80,6185
29,4827
56,5483
72,3355
39,7369
69,6351
34,5391
38,6461
40,5067
76,3565
78,5581
41,4903
49,4563
60,11151
58,9739
41,5975
61,4547
71,5509
58,6739
41,4309
41,10395
61,14325
60,4387
25,2805
77,3573
36,2439
64,3353
64,9529
57,4709
20,6475
66,5875
22,2695
34,4101
22,7831
56,6597
66,3773
71,2627
72,5825
28,3121
36,5045
29,6487
27,4021
44,9875
38,3675
62,5659
63,4219
47,3941
57,4083
44,5129
43,3287
67,7871
79,3539
69,3847
45,8009
54,3083
80,7123
27,4621
21,6691
75,5859
72,3593
40,3485
61,3499
78,10865
34,4365
31,5867
54,9123
76,3417
27,9631
34,2433
66,6445
41,11019
52,11885
51,5665
33,3411
65,8373
41,8555
23,8383
33,7093
76,1999
27,3031
32,6065
43,8417
35,5501
34,3489
23,4249
70,4265
80,8023
78,2345
22,7053
67,4323
28,8721
41,8563
62,3995
43,7003
35,3201
71,6971
54,8023
71,7461
57,3911
35,12577
56,6623
63,8033
47,6695
45,4027
62,6025
64,10073
73,3329
72,8787
67,4041
43,4081
21,7985
20,8269
55,5225
27,5703
62,4027
66,4793
31,5569
55,6217
26,6503
78,6465
66,4457
38,4845
75,6353
27,11965
52,10571
51,6303
65,5139
27,5093
56,4987
25,5581
32,6597
52,11975
68,4687
37,4691
61,3759
28,2729
32,10491
27,13101
52,3287
69,4547
63,5813
69,6019
32,5557
75,5665
58,6791
58,6651
53,3931
69,8557
42,8127
35,5779
59,4335
63,2899
41,5357
33,4483
47,12433
44,4993
43,6663
71,5367
36,4493
56,6557
42,2975
65,4865
69,6599
46,7439
64,5631
62,11639
48,4285
69,5615
46,5943
76,6133
69,17233
44,6339
31,5377
35,4113
54,9861
28,4101
42,8231
61,2703
39,7739
56,5647
46,6173
58,9795
22,5719
65,11691
42,1913
51,4979
32,4297
53,11211
28,3403
68,4503
44,5635
30,9225
80,3577
73,6385
51,5515
28,13721
34,9555
59,5811
61,4461
80,5309
37,4785
66,5787
54,4447
45,7423
66,3599
57,12141
26,6209
62,15821
49,3903
41,7657
72,6567
31,2685
29,6437
57,8051
74,2051
57,6757
48,6485
80,6207
23,3843
40,4299
44,8463
40,6015
58,3385
42,5155
36,10453
39,5499
63,8605
57,7597
68,5959
31,6111
78,4841
30,3459
50,2663
52,4971
77,6605
70,5685
56,3113
31,7569
45,9421
59,4639
74,9381
30,3207
35,5335
42,8579
52,15391
53,4093
46,7505
50,6479
64,6427
64,6937
68,6201
68,1879
79,3229
62,3753
70,6263
24,1909
22,6757
54,7785
54,6025
79,7671
32,6513
70,4067
54,9803
76,7005
75,2087
38,2917
37,6329
53,4137
75,6685
33,3153
55,6733
70,10621
21,6557
36,5493
47,9751
20,5917
58,7961
36,3385
63,3859
59,7127
44,5735
56,8805
78,4733
66,3607
70,3761
55,7227
35,4615
72,7867
51,4533
69,11255
36,8615
58,3095
70,3381
72,9439
42,6615
43,2991
52,6727
61,2521
22,3599
64,7201
69,5299
71,3913
74,6423
43,2109
27,5273
45,11193
68,3107
64,14987
54,7717
20,6627
65,5157
72,5867
46,8397
47,3585
30,4101
78,3575
74,13067
29,4993
56,10653
66,9263
42,6805
60,4255
21,7373
34,3087
67,8627
64,9525
54,4981
34,6673
24,10111
35,7889
79,3741
58,4843
20,17775
40,5213
61,10131
63,5009
26,9745
45,6461
49,12865
67,9231
27,7489
53,4145
72,5407
38,6509
73,6289
73,5733
77,3411
64,1845
33,3945
51,11119
34,4779
36,5779
58,6365
43,4831
57,4113
69,3001
45,12049
51,6559
45,6337
68,3251
44,6969
34,2515
47,7065
43,4483
46,3101
51,4869
63,6757
60,6105
73,3299
62,11567
27,4463
39,4801
28,5039
67,13335
40,5631
38,6275
76,5431
49,4481
39,10265
74,5979
56,7405
46,11343
48,5863
54,4229
47,7157
50,3825
25,5255
53,2705
72,4207
58,4131
28,5607
37,3045
29,4737
43,6343
70,3965
42,2425
42,4965
21,10785
77,5293
63,6991
78,6733
49,4723
68,5753
54,4699
60,4287
25,2341
73,6157
62,2941
35,13707
24,5407
54,5751
27,2405
52,4969
78,7601
80,4413
79,4405
23,2697
68,4995
62,6967
60,4543
31,2031
35,9673
56,4155
73,9525
59,8081
74,3857
62,7637
46,8127
30,5011
77,5789
45,5783
33,2669
69,6233
77,10051
63,4193
48,2729
27,12351
20,6193
51,3817
47,5177
72,10265
52,8717
75,12655
79,6131
69,4109
75,6007
47,4697
45,2687
52,6741
63,7961
64,5043
51,8639
45,10383
63,14595
59,3905
49,4931
71,6559
29,6373
36,7335
27,6539
56,6485
52,10725
32,4451
49,6363
70,6623
41,6217
25,4671
39,2679
46,6115
59,5273
48,6351
68,7853
66,6373
20,3485
37,4951
21,2575
76,5249
22,8277
72,7025
57,5029
53,4441
78,5973
41,7413
29,6143
49,5765
77,13161
59,6685
79,7659
29,7077
32,6189
59,11377
75,3573
34,8295
48,8491
68,6653
25,2207
35,5827
34,10425
30,7297
36,8823
77,3659
77,3287
42,8837
38,5925
36,5947
49,6773
56,6441
42,9523
65,4059
66,2269
30,4355
34,3107
69,3301
34,9089
74,2261
65,5835
28,6301
59,8311
34,2847
47,5515
74,5965
62,10897
46,5893
75,7507
40,4413
28,4941
70,5333
46,10299
56,9647
48,6441
36,3747
40,11267
23,4769
59,7067
73,6021
64,5615
58,4473
76,4651
20,10009
51,6885
69,8223
44,7283
45,3961
67,6007
62,3923
52,7559
57,7147
20,9617
38,6511
76,5833
74,2695
79,8245
53,9041
42,3805
25,4715
33,2811
33,6007
57,7273
47,4249
52,4453
61,4169
41,6569
54,13301
70,3851
29,8565
73,7127
68,12377
35,4515
43,7969
30,6581
62,14731
65,2855
33,4243
56,4129
35,6547
79,4217
60,3783
52,3945
43,4963
38,2783
54,2895
72,5045
38,3895
43,3397
24,4381
52,7337
27,7381
23,5723
32,5149
43,2323
36,5477
39,5327
20,3725
53,8929
36,4825
34,5173
36,8877
22,5805
38,7323
65,12341
34,4419
32,6491
70,3061
54,4807
71,5097
74,6465
37,3473
68,3573
70,4539
55,4749
23,3515
56,4925
33,9447
29,4699
69,6477
59,4595
62,2313
20,5111
44,4301
67,5367
40,10209
44,5947
32,2513
50,2257
25,7171
57,4237
78,4433
51,5883
33,8067
54,5911
24,3209
39,3669
32,9815
75,5589
27,5147
59,4893
73,3069
30,6389
35,14529
58,2915
70,6423
38,3593
54,5677
22,16707
37,8839
78,3523
54,12595
32,9087
74,4267
30,4023
21,6717
61,3893
21,8753
41,13753
25,4561
48,3287
63,6675
42,4099
42,7587
64,4121
24,4815
33,3145
27,5849
57,8477
21,5501
52,9475
20,3863
78,13953
34,7461
76,3249
76,8815
61,5571
64,4125
73,3591
70,4135
67,9063
65,3185
59,6621
45,5199
31,7057
53,7497
79,8801
72,1555
37,2851
70,6661
46,6833
21,3849
26,2795
56,6069
36,4699
73,8765
22,4843
78,6831
68,4539
40,4773
63,7251
45,7101
26,8215
43,16883
37,7411
27,3771
55,3603
62,4101
54,5679
36,4821
49,3625
79,10287
44,8893
50,3473
54,3601
75,3247
53,7183
34,8201
74,3509
54,8969
32,5151
70,3253
45,12773
77,6629
68,5059
68,11003
59,5107
38,3687
21,4251
58,5325
64,4769
78,4249
53,6987
71,10723
64,1995
32,5033
43,5101
53,9477
75,4319
73,6307
70,3163
23,6101
65,3011
40,3327
22,4251
66,5541
53,2809
47,4359
46,4723
22,4195
41,6063
62,11721
34,3325
25,5153
63,4463
27,4173
39,1985
78,3105
31,10895
39,6743
70,5701
20,5445
70,4403
76,3173
58,6447
79,7773
71,4101
33,4521
72,6311
38,12215
32,7811
32,3961
27,10313
71,4305
51,15829
31,6619
59,5615
26,5141
56,10279
26,8317
22,5863
46,4709
66,10067
36,3397
42,7391
66,5139
36,4789
67,9903
66,4959
41,7661
68,4551
60,9389
37,5907
48,8187
43,8961
68,5955
79,6635
21,14827
42,5437
44,4365
50,5681
28,5557
33,6447
71,8251
25,2543
50,10039
67,6061
75,3937
78,4033
77,2963
54,4095
78,3719
54,5631
64,15011
32,5885
66,4743
24,6813
64,2947
72,4865
59,6225
79,8639
51,9613
67,4777
79,5349
39,4249
72,7407
77,4193
38,5241
73,10591
32,2399
35,4559
54,14601
52,2147
35,3073
74,4387
48,3843
54,7633
67,5705
57,4517
20,4761
37,7535
74,6881
41,7789
49,6223
70,2945
70,5763
66,3607
25,4371
24,6427
68,5479
54,2955
26,11045
67,4313
74,7005
27,5805
34,4347
40,9283
22,5361
45,5737
46,3869
24,4467
31,6995
55,2537
27,7643
30,4737
60,9433
49,2853
65,8601
47,5025
36,4867
48,5455
44,14631
33,4159
50,5729
63,3891
35,6341
64,8017
65,6849
61,3797
49,7353
78,4353
52,5539
26,4273
66,4251
72,3949
20,6743
37,5315
80,3837
45,4681
66,5753
80,2837
76,6555
22,4877
57,3801
35,2951
27,6349
50,3519
59,5885
27,3831
31,5869
36,9807
71,8311
38,7591
54,5993
73,3663
20,10067
42,11665
28,5349
71,4593
22,5583
70,6435
28,5659
62,6095
28,4155
48,4757
71,6263
54,11411
51,6855
24,5463
46,3957
52,4053
69,5007
70,19723
39,6525
24,5073
23,6207
25,5751
71,6079
51,4047
28,8435
75,3049
65,6599
72,3019
63,4697
43,8201
51,3881
42,4849
58,9519
29,4957
58,5767
52,6109
40,6161
51,3613
53,5755
72,10613
62,9867
60,5483
30,5455
49,6257
27,10379
33,5451
60,12781
40,5153
55,2359
50,9715
26,6959
58,8931
48,4053
66,5137
57,6817
56,6893
78,2701
64,3841
58,15957
68,9557
76,4799
34,4701
52,7473
50,6465
64,3631
57,3261
63,3375
39,3129
69,8697
64,8537
46,4785
32,3759
73,5613
61,5493
74,3861
35,6909
58,4023
71,6891
59,5209
31,7885
63,3091
76,9949
76,7453
80,7761
80,5901
26,4245
70,7911
23,8601
78,6085
45,8121
72,4613
32,4555
64,10007
80,6003
42,14433
28,9645
20,3497
72,2193
29,4573
66,5779
66,6325
31,6105
71,4721
54,6265
80,12845
80,7147
39,3247
24,7669
51,17357
75,4741
54,9819
36,9591
61,3817
80,5123
21,5271
30,5365
66,10793
50,6225
70,5721
61,5027
68,5981
61,6337
52,8055
49,3535
56,7347
56,11673
74,8513
28,9747
79,5059
35,4131
40,8593
61,2651
58,10557
25,6413
62,3659
40,5663
49,6323
42,3853
64,6513
76,9983
44,4615
27,5083
29,5127
72,5255
20,4969
21,4865
26,5163
39,6829
58,10827
70,5433
66,5693
70,5595
37,5221
22,6265
24,13617
47,4615
23,8139
79,4807
57,3503
33,4063
24,4961
43,3653
26,7797
70,5565
58,5575
57,9425
76,6123
78,6893
42,6517
46,4895
77,4081
60,10011
27,3999
73,7649
63,6121
25,5233
50,3547
57,3595
62,4977
39,4653
74,6833
39,4881
28,4375
47,7835
61,6349
46,4323
52,12919
27,15943
71,6533
54,3333
24,7005
59,5521
54,4683
71,6105
62,3387
67,3773
41,2821
37,7907
29,3311
66,5163
67,8415
52,5529
73,5637
41,4051
45,7393
23,7605
46,4757
50,6381
58,8303
77,4719
60,6959
59,3863
64,4845
77,7353
70,4833
73,4481
39,4615
53,2515
20,3769
80,6167
68,3861
22,9481
80,7097
61,5611
59,4875
41,4263
45,4941
38,9639
72,8471
46,7807
24,5503
38,6653
39,5389
70,4865
41,11821
25,15739
53,3099
62,7623
35,7401
54,1959
28,5503
29,5363
54,5705
45,3105
73,8775
32,10319
30,5247
65,4413
46,10099
32,7149
66,6747
56,10007
77,4479
64,8813
55,3607
71,3217
45,4959
33,6701
53,8633
59,2037
66,3903
58,5381
72,5545
45,7365
46,3607
70,5861
45,2885
31,6795
45,4499
37,5877
30,4729
40,3365
36,3257
61,13761
70,2625
38,4997
79,5697
68,15307
61,10581
37,9373
28,5081
66,8915
29,6961
46,5225
80,6029
58,7361
53,4845
74,9657
42,3217
20,5907
65,5537
62,6571
25,6637
77,4229
70,2629
45,6755
32,3863
57,6483
53,2809
32,5983
74,4487
48,8849
23,3191
64,4467
70,12967
39,3743
20,4657
41,3903
55,6855
22,5641
35,3209
68,5463
29,9821
30,4343
72,6405
52,6305
36,10955
22,3355
74,2181
67,5127
65,7247
56,9147
24,3329
60,10921
80,8103
49,4525
46,3443
32,4177
34,5017
56,4093
30,3387
35,7615
41,4251
37,7775
54,11525
30,4553
37,3737
59,10853
73,4795
44,10233
33,2393
55,3735
21,3733
20,8943
45,2503
33,6423
25,5305
61,2087
32,6633
68,9105
44,4457
40,10895
42,7253
33,11539
35,9995
27,8587
37,5433
43,4129
24,5559
20,3821
41,11845
35,8909
24,3373
41,7421
69,6485
33,6661
48,4319
24,5229
27,1841
22,4235
37,4149
34,5059
75,3103
37,6791
27,5763
32,2953
68,5389
55,4623
28,9145
73,5735
58,3521
80,10811
69,3243
43,2719
23,9179
68,4701
37,7163
48,4565
54,5453
27,11175
28,11135
59,2079
47,9589
23,3967
31,6769
46,6961
44,7503
59,7563
77,8929
80,7207
49,7593
51,8065
46,2711
30,7501
66,4077
71,9631
25,5083
49,7097
40,7731
47,4943
60,3353
58,4333
34,7125
31,3615
57,10827
39,5025
24,5009
48,6591
49,4377
68,7291
64,2259
29,6497
66,5767
75,4715
55,7381
53,6405
70,4299
50,10261
45,4073
35,7715
36,3715
34,7347
23,7837
22,3179
60,10341
28,2327
26,6451
73,5921
37,5463
38,4411
55,8359
48,7429
51,5019
54,8437
39,4507
31,6253
73,5407
72,5467
66,4905
27,3421
59,4719
25,4357
79,5643
21,7975
61,4363
49,9191
50,5653
57,6163
33,5073
69,6965
80,3221
66,2411
68,4721
70,4919
70,10377
43,5171
75,5591
38,7243
40,4943
28,5769
39,1939
76,8165
40,5591
63,3487
77,3829
35,4945
43,7645
26,3037
58,6047
68,8071
43,3365
23,3729
58,5901
63,5331
61,7113
46,11253
53,8743
35,4371
34,8599
37,4213
24,7559
44,6837
79,2629
59,3175
76,3615
62,9573
52,4377
22,10213
66,6835
76,6555
43,11427
44,3695
30,8379
51,6143
56,5509
21,6211
71,4181
27,7535
26,11579
29,2555
65,3159
63,6193
57,4839
29,7035
46,4591
74,8759
48,6353
58,5325
65,3435
80,5507
70,5153
46,7107
45,2995
51,10179
50,6547
43,3345
42,3929
39,4327
63,5777
75,4937
43,5867
25,4773
41,4275
36,6421
30,6909
41,4863
54,3311
62,10333
78,4573
69,4417
70,4949
55,4167
79,3851
57,8903
53,7783
58,4369
34,5223
62,8037
30,7077
65,5269
47,5827
43,8217
72,7041
36,10477
32,6579
31,6093
47,3233
76,4571
36,6283
29,2505
63,2205
74,7633
52,4845
72,4507
53,5165
72,3273
58,8893
39,4665
67,5467
29,6455
77,4863
65,10119
49,3339
33,4807
44,6635
22,8143
60,4533
40,4359
20,4319
36,5977
75,9897
39,11083
58,8247
77,12971
29,9569
52,5241
27,3653
73,4329
79,8729
70,3969
47,8911
28,4073
26,6177
48,5647
27,7669
77,4267
39,4021
22,4643
80,3299
77,4855
42,4891
26,7627
50,8695
75,8001
52,5813
41,5521
43,13403
24,8455
27,7547
68,8203
38,5279
62,2121
27,3399
43,4657
47,4745
45,5537
59,4535
49,6655
57,6505
48,4745
60,8319
77,20769
72,3169
61,8397
54,2237
52,3109
43,4895
29,6625
41,6695
20,8185
68,6057
65,10747
57,2951
25,11825
23,3797
58,10577
59,6503
71,11737
53,12993
41,4693
56,4343
41,6853
33,6751
80,3247
60,3431
77,7501
37,7757
48,3055
76,3583
40,4013
42,10695
79,4047
35,3039
62,8387
32,9801
35,6875
64,3709
22,9803
29,5809
48,6163
33,12615
49,4779
79,5741
48,6691
53,4951
24,5345
41,4999
80,5651
30,6077
40,9377
37,11407
58,7777
76,8369
59,6409
77,6691
65,5221
24,4657
65,11877
77,5111
42,3325
61,6675
28,3295
57,4453
58,6427
60,3269
59,6119
21,7819
30,6685
48,3449
31,8633
49,3473
23,6091
55,5515
75,5131
64,4037
57,3689
23,6489
59,2543
33,6185
79,5199
67,5307
31,5623
63,5897
28,3881
70,5599
64,4835
71,3987
78,3051
74,8165
72,4869
56,4561
46,6941
58,7575
54,4335
22,2967
35,5631
72,6565
64,7197
28,5309
51,3223
63,3947
32,6487
69,4729
43,5369
68,9381
21,10015
56,10959
73,4649
45,5639
50,8949
37,5865
78,3197
53,17163
48,8193
48,5293
27,4199
75,3333
29,4167
72,2257
60,3527
58,5593
49,5321
45,4133
51,3811
77,5893
80,4199
24,4423
58,5019
79,4845
78,2421
38,6149
65,3861
21,5147
47,13841
30,5455
40,6319
63,4793
36,9073
54,18057
27,8075
20,3791
70,5505
67,7337
61,4171
36,5113
55,8331
74,4163
24,8245
61,11211
36,3479
69,4279
32,6157
44,2877
52,5555
75,3057
40,9789
23,10389
50,11361
32,9499
52,3879
50,8933
40,9951
22,9997
36,5025
41,9079
77,8497
55,5305
71,8833
48,12771
46,5727
67,4055
59,8263
56,7613
57,9443
31,4797
76,4265
64,7591
38,2411
47,8837
56,3327
47,2951
44,2657
76,6027
29,4689
76,3485
72,3307
46,5711
27,3833
65,7091
46,3141
49,8815
21,4593
71,3273
24,8843
78,3255
25,9429
42,3917
50,3409
51,7259
70,4169
74,3281
79,5181
42,9217
75,7497
52,3835
28,4309
28,6233
32,5827
22,10171
50,6409
56,11743
53,3053
56,4769
47,7497
40,2009
27,6993
48,12161
69,5605
46,2491
20,7513
24,5963
51,4969
48,4789
29,8981
75,4607
22,5751
62,9083
45,6091
58,5293
40,4887
51,3373
51,12421
56,6243
32,7871
78,2839
78,3361
41,2293
69,4441
37,13537
61,4729
50,14449
59,2563
53,2837
53,12049
67,7319
45,5271
21,2547
21,8423
44,11171
24,6537
53,6901
71,3687
71,3349
57,7265
78,3317
46,5113
46,5901
37,5207
64,8613
29,6249
51,3297
77,4787
32,5869
75,8957
21,6661
39,3367
59,3339
58,4689
20,7137
33,2665
43,5673
40,3157
55,4867
44,8197
70,2943
78,10015
69,4279
78,5231
80,6187
68,2805
55,5437
73,3995
72,5261
42,6319
27,5169
34,10731
25,5403
58,7023
69,1827
51,3175
41,6235
54,7689
33,5955
31,8295
65,4243
57,4573
40,8739
34,6553
70,5651
66,7063
52,4517
60,3755
32,8099
27,3933
58,4791
42,4555
47,7699
56,3537
69,6127
65,5399
70,12757
58,10107
20,4945
35,9273
21,9835
32,5941
46,15413
26,2225
69,5197
64,3041
44,7689
61,2291
56,7285
28,4697
77,7869
27,6901
77,3541
55,5167
63,5761
71,12271
58,3967
33,7221
60,5541
51,3379
46,7615
50,5803
49,6145
28,2093
28,4145
71,3897
20,5099
47,9625
26,4373
77,7869
79,3111
28,5265
21,6645
23,4675
38,4663
57,3877
43,7889
33,5039
33,5759
31,8567
57,8015
20,6479
76,6953
56,5509
40,17689
65,10133
74,5577
23,4957
32,3097
53,7523
73,6301
33,7133
76,3579
22,4723
60,4345
69,4921
54,12145
33,3201
51,7677
25,10683
62,3175
64,4199
56,4903
20,8077
71,4065
73,9215
37,13001
33,4205
42,4537
71,8723
55,4719
20,10919
46,2895
29,5047
36,12183
65,4229
20,9307
70,6381
71,3141
71,3875
46,5337
79,7671
61,5407
79,5843
66,9929
76,1941
79,5677
39,4831
43,4661
31,5033
70,4341
64,9199
45,7297
68,5087
59,9771
24,9963
41,8089
47,7557
76,2215
77,3747
71,5271
45,3365
53,9825
35,12643
34,5167
36,4927
40,5377
75,5209
54,5373
65,6731
22,5259
50,7083
51,4743
21,3719
48,3367
37,11691
59,2677
37,6807
55,4385
43,6685
29,4505
53,6611
35,5657
43,6111
63,5395
55,7999
27,5257
25,7375
41,4719
75,5047
57,6801
56,5743
60,5387
61,3689
46,4217
43,4363
29,4839
76,7339
75,6973
28,4753
64,5173
40,4603
56,5243
72,11339
39,2969
49,7731
41,17345
59,4361
41,5877
55,5623
65,2531
43,4981
76,5081
33,4265
53,4683
30,3471
20,5777
28,2809
80,4187
54,7561
37,4327
37,5791
42,7985
24,3663
39,11177
34,5881
21,9487
26,7283
59,3835
61,8047
47,3287
78,4805
32,8211
38,4357
37,9555
40,12301
75,4737
20,8481
50,6043
76,14579
59,10817
52,8445
40,4115
70,12915
55,3779
45,5541
79,5271
41,5283
28,4533
43,6109
80,4049
62,8127
37,5771
49,3801
20,4885
73,3919
24,5467
31,4353
50,7889
34,11415
45,4545
77,8125
41,5125
31,6879
77,4691
43,5087
80,3365
64,4259
41,3487
35,6007
33,7495
33,7033
32,3607
52,8121
51,6023
38,11521
24,2897
56,5717
23,9485
21,6851
24,4979
56,6977
70,3395
27,3479
47,6357
44,6563
48,4067
49,10713
36,6349
62,5347
77,9663
37,3821
38,11581
28,3481
48,14947
74,2341
52,3967
27,7591
32,5743
62,6943
70,5853
48,5071
60,4825
26,7027
61,3457
35,2999
24,8157
62,6791
54,2633
58,3627
26,7067
70,6489
73,13085
80,6817
42,8625
33,13967
39,14563
70,3757
62,4129
73,10047
56,9155
79,4525
47,6181
54,4501
55,3921
71,10253
29,6023
49,4665
78,7579
61,4827
43,5929
54,5249
30,6453
65,4231
45,2149
43,4677
58,5349
32,3667
69,5733
69,6491
52,4299
58,5905
68,3359
78,5203
65,11885
75,2585
32,5871
36,26617
60,3343
63,18005
31,7319
72,4447
48,3391
43,4767
71,3695
54,12461
80,3051
59,3673
47,4603
67,3399
51,5127
39,8765
39,3493
63,4329
30,8033
80,4335
48,5655
31,4047
78,2461
30,8851
57,5375
43,3165
53,11159
34,9727
31,12903
59,6347
63,2737
22,4121
52,3835
48,10479
44,15597
40,4759
69,4871
34,4613
58,18937
39,5431
73,3897
20,12289
45,5441
64,2225
54,4439
29,4011
43,3845
55,8707
76,5457
20,6661
23,5611
43,4019
44,1691
55,9957
22,9517
20,7511
71,7819
34,10609
80,2779
27,3633
80,4561
52,4857
30,13625
20,5779
74,4755
32,5879
45,3139
66,9839
65,4271
72,4381
77,4967
37,5325
45,6393
37,8367
73,5851
23,10097
68,3421
29,8593
72,6633
61,6689
41,9145
48,8479
77,6817
75,3409
38,6659
59,12035
20,6125
60,12999
46,3901
39,6999
62,14021
68,5225
49,3825
20,5025
21,6645
49,4653
72,13469
57,5163
46,4241
30,4127
80,6821
72,10041
44,3951
21,2283
56,3341
79,3213
51,4837
80,4007
23,3599
21,7449
33,4053
68,5387
47,5427
24,8559
80,4239
67,2849
26,4273
80,4657
69,3483
48,11387
79,5599
66,5491
76,6337
54,6293
43,5637
23,5855
33,4347
29,7583
31,4315
78,5127
37,5767
72,3695
24,4375
69,5589
27,7429
57,3685
24,5603
62,8951
72,2815
20,6245
46,4727
31,9413
48,6521
64,3459
28,2541
72,4725
55,2759
67,7851
59,4795
79,7129
28,11141
51,8381
69,12971
74,4895
41,5227
61,7473
67,6181
57,2789
59,12281
46,8445
52,7065
56,8267
58,5859
40,3741
47,10373
40,5747
73,9929
36,3001
69,9383
80,4211
70,2853
64,3253
62,3927
55,3043
73,3599
38,4357
49,11147
47,8883
48,4409
27,9097
50,5497
70,4367
52,7469
42,5469
58,9945
57,3299
60,3193
53,3987
50,3619
36,5595
66,8653
62,7439
70,5305
51,7019
36,9315
73,13847
36,10623
60,3271
25,7993
68,3949
70,6761
22,2943
33,4555
33,6413
68,7381
54,12999
49,8377
55,5357
59,12025
32,10395
44,6203
49,11591
77,11641
26,6249
53,6413
76,5435
58,6571
32,7195
46,4731
38,6103
57,5597
54,4685
48,5881
20,2305
68,9047
27,6305
69,11779
75,7781
29,6519
26,8729
33,3267
78,2863
39,6139
31,12601
32,8485
53,6323
71,5501
30,12261
46,6207
24,8627
71,9657
30,5927
66,4679
73,7079
35,4171
72,3003
80,5385
55,6007
23,2915
54,14513
45,3803
21,6417
21,3693
65,6055
57,14815
43,6163
42,4717
54,3405
77,6143
37,5799
37,4269
46,4711
30,8337
66,3567
80,3935
41,6879
48,4379
27,9235
36,8055
65,5827
53,3725
68,5551
68,5893
27,4655
69,3913
59,8261
37,3669
22,3643
47,3151
22,7991
62,5609
48,3381
68,5993
32,8739
62,4719
22,5787
52,5893
25,7111
63,4933
59,7091
51,8109
34,8377
52,9443
70,4243
57,3451
40,9887
22,4361
62,4343
45,6329
49,3713
20,7203
51,11291
38,5269
28,10591
71,6655
68,9297
34,3317
58,8959
21,5089
38,3899
48,5387
35,5465
38,5197
24,8051
47,4577
21,4193
74,7515
46,6613
45,7589
69,6671
51,7423
76,5307
44,6545
20,3213
80,5123
32,4877
69,5219
29,11035
78,6367
32,12955
59,5035
43,3563
35,9639
73,4455
66,10689
65,8709
24,8009
74,3629
38,4863
71,7437
72,8427
24,3361
39,4351
54,8253
24,8987
71,8191
25,3845
28,5659
40,8739
40,3973
37,4679
29,6683
74,5725
26,9449
74,3359
23,2805
72,6881
26,4423
24,6795
38,3685
69,7009
65,12947
31,6627
23,6353
68,2567
36,4391
65,9205
57,6183
71,4383
42,6731
28,4123
29,10187
50,8917
68,5905
57,8319
37,3703
64,6173
57,4649
24,2945
34,2281
52,4881
48,3903
54,4939
39,5841
67,7407
45,7023
64,5189
31,3679
27,5429
46,12335
37,9297
69,3575
51,5155
24,15407
80,10773
47,4015
71,10591
70,3283
79,3329
69,3395
66,9991
65,4635
41,4875
21,2891
26,5275
76,11791
59,3513
23,3797
35,7817
78,5777
44,8775
79,2331
77,3017
20,3157
58,17845
63,6641
60,9385
57,6981
20,7109
78,3549
68,8141
56,2669
25,2239
74,5247
24,9591
48,4723
33,4653
63,3419
52,3585
28,2147
27,7527
50,4789
32,6263
48,4641
30,10051
24,5571
47,6317
78,9781
78,4821
47,11399
70,1829
42,6183
48,8487
79,7987
61,10957
45,5117
41,7287
53,4301
63,5937
78,3937
58,5945
55,3039
72,2553
40,7421
77,4245
63,3425
78,6979
44,5979
43,6091
59,4375
66,4085
48,4277
64,3145
51,4117
21,4071
22,6383
21,4163
59,4495
56,3257
72,3273
57,6797
22,7551
79,6695
78,5881
68,3891
23,3759
69,4031
38,6471
71,8723
48,6681
50,5207
44,5397
40,4897
48,3977
27,3001
46,3715
53,7659
20,3845
40,6363
79,8987
59,6139
47,4007
79,11057
46,3851
65,8525
75,6541
62,8593
75,5623
45,5367
75,4819
76,5299
78,8639
22,3325
65,6837
26,8515
68,3195
23,4873
47,6927
32,9977
66,7033
28,11287
29,2957
27,3795
28,4419
36,4627
70,10311
62,4787
59,15579
71,3765
55,4241
54,5597
77,8551
63,3231
69,4053
23,5269
62,6173
28,5055
35,7403
38,8231
39,6099
69,4767
41,4269
67,6029
22,2367
24,13185
49,10519
37,7209
24,5039
47,6115
24,5931
53,12639
63,8827
21,8703
27,3753
64,8161
35,5687
23,6313
65,3941
63,7697
78,3325
21,10899
73,5531
51,8611
22,6003
54,5029
36,6825
50,8887
62,6037
54,10819
24,4211
27,6027
59,5795
57,7235
35,9285
29,5917
63,9507
76,3543
55,2731
78,8287
31,26293
57,6677
48,3853
67,5175
24,5323
27,5423
20,6151
68,8459
57,4773
78,3019
68,6691
79,5627
48,3385
75,5633
27,7973
35,7069
36,7751
32,12229
40,5927
32,8161
31,5451
57,5517
41,4357
61,3353
32,4399
71,3947
20,5471
23,3151
78,7033
33,8527
28,5069
71,6235
73,5817
58,6163
21,7467
44,5581
25,3527
30,6425
73,6935
39,6627
41,8565
45,7035
60,4223
31,6837
49,4863
72,3759
59,3553
41,5391
27,5287
37,5721
45,3327
79,5123
55,3913
27,9505
78,14257
74,5261
26,4105
56,5647
59,16769
59,14891
77,6655
37,4241
67,3397
45,6009
60,11549
29,4479
21,3873
79,4977
56,9181
59,6199
37,3517
39,3143
42,7813
38,5129
33,8513
30,9985
32,3637
27,12285
27,4549
34,6203
60,4123
72,6119
47,6977
44,2873
37,5987
27,3021
47,6079
40,5001
40,8249
71,6333
63,4223
45,7335
56,4259
45,6577
45,5101
41,3751
78,4017
23,5841
21,4249
73,5475
59,4529
32,5459
58,3153
69,9911
27,8851
23,4591
71,8657
23,6035
32,9271
70,3479
61,6075
57,4985
60,2725
31,7065
50,4217
69,7615
28,4557
41,6421
22,7393
68,7449
56,3507
56,3571
77,4703
30,5257
45,5103
53,3503
36,4385
20,5357
49,3783
38,5287
47,4021
79,3391
79,7719
74,2343
31,12819
60,2703
51,4943
42,12337
27,4765
35,3763
49,3927
74,3573
37,5235
26,2535
44,9369
38,9867
25,10023
56,2343
74,11767
21,15531
54,3337
50,5565
66,4395
65,4189
56,4611
60,3589
73,4577
68,3697
31,9673
71,3177
39,3859
32,9695
58,5149
36,7113
47,6829
33,3219
24,3325
39,2291
78,4945
67,3503
28,4219
66,7655
67,5499
67,5505
46,5349
65,6277
51,8789
70,2919
71,2469
26,8205
55,5315
49,9103
79,3061
38,2175
31,4577
66,5093
73,14201
57,6079
26,2129
59,3807
76,9863
51,11771
56,5629
34,3605
24,7727
34,6665
58,7707
57,7599
41,4177
73,7021
75,8001
51,8605
71,8155
33,11871
56,3495
32,4747
41,5533
58,5603
61,13977
50,7805
73,10005
40,4405
25,12121
49,7391
21,4903
71,7179
77,5895
61,5075
75,4955
20,10037
60,4283
58,6965
69,7041
53,3997
54,3283
71,9469
33,5733
79,4527
20,7731
67,7763
39,8773
35,8009
62,6045
79,6171
32,4107
79,4185
56,7521
64,7757
47,4239
63,5859
66,3041
23,8103
21,10095
65,3885
25,9117
41,5799
64,5393
62,8775
54,5547
69,8333
75,12119
51,3951
22,5555
76,3757
70,5473
68,5371
62,3617
74,3609
57,7319
60,5623
21,8247
23,4275
51,5647
29,7717
46,10293
79,2297
79,7627
30,9167
56,5285
52,7601
54,4029
40,6001
43,3899
57,4821
50,3265
65,5917
70,5089
69,3833
76,7447
42,3681
54,11813
72,6293
29,5933
48,5783
63,4479
41,2037
50,3413
42,5775
47,9439
25,4537
51,3495
56,8299
76,6055
73,1749
35,8311
31,5265
74,4519
41,10835
24,3207
47,4063
30,12375
68,6213
65,10157
77,4553
23,7289
28,5675
60,6991
65,5929
51,3597
69,8639
35,4059
66,2303
76,3351
74,5513
57,3321
56,5913
21,3419
65,9093
24,2869
39,5913
33,5345
23,5223
39,4979
38,7141
34,3737
55,9419
76,8009
71,12427
53,5193
67,6659
79,5043
54,7931
22,4559
38,7473
59,4301
58,4261
40,6103
41,4157
24,7045
77,3045
33,6199
56,3195
34,6297
42,7171
43,5127
24,4733
22,10471
33,4595
20,3251
35,4307
74,8749
52,4531
74,3567
22,2947
44,8231
74,1541
65,3943
24,6879
25,5289
72,5231
60,11227
26,5339
72,3305
22,4319
29,6923
54,4237
74,1689
26,3971
27,5227
75,3965
37,1797
29,4387
22,6021
24,4423
21,4467
53,4175
20,10327
35,4181
44,4035
37,5081
45,7721
76,7045
63,7385
31,7773
58,3695
57,5399
30,8537
48,4103
69,6283
25,7613
76,6435
43,6939
63,3375
77,5485
20,5873
69,4085
32,5953
34,9115
22,6533
80,15817
36,3727
25,5025
32,3853
58,4955
33,7795
48,5905
40,5255
64,4845
57,6217
56,4497
30,5959
36,3593
52,5973
20,5925
38,3873
64,10597
70,3129
69,4461
74,7179
76,5599
31,19035
27,4889
79,3661
80,4085
49,8067
44,7773
64,5945
54,3333
60,6719
62,6449
35,3131
64,7403
59,4691
35,12629
51,6485
45,11031
52,2565
21,4067
67,5943
69,4885
60,3075
27,7233
47,2919
50,6209
58,4783
78,12103
22,5095
77,5915
61,2393
54,4149
43,7739
39,7403
22,5565
72,4675
46,2587
78,2551
28,3785
25,4783
22,2517
22,4039
46,2887
28,5155
53,6799
28,2789
28,4009
25,4435
66,12755
63,3389
76,5133
49,3455
23,4405
42,5127
75,3487
20,4833
23,5335
64,11403
22,3361
41,9051
37,5115
26,8415
61,3289
68,8639
63,9085
42,3939
43,2635
77,7333
25,6457
55,4807
69,4349
20,5881
49,8927
23,4547
39,9129
32,11965
35,6533
37,5965
43,5185
31,4567
35,6083
23,6855
71,2937
69,3547
50,4693
30,4285
72,4219
64,7273
42,3175
28,2955
35,8079
61,2449
35,7987
36,5509
76,3659
75,6527
35,3983
25,4569
65,4897
47,5111
43,8417
33,5561
34,7533
20,5977
24,3391
80,4459
24,3581
62,5759
75,8539
45,6315
65,4817
24,3713
58,2693
65,4443
59,5347
68,4967
48,4867
33,7997
64,5043
20,8079
79,10675
36,7567
42,4769
69,5407
24,5023
26,2653
50,8017
40,6955
53,10189
65,4727
29,7419
28,6383
26,3599
69,11231
62,2419
29,6605
50,10777
52,3863
32,5921
44,3943
27,5129
78,3797
67,2913
61,3363
33,5235
74,3705
49,7871
80,9651
31,6245
63,7255
48,2789
69,4749
41,5339
23,5831
30,3287
66,14203
55,4409
31,5391
46,4877
23,4725
69,8285
26,4235
51,2237
61,6261
80,7611
72,10675
52,4555
42,7929
46,5491
56,15051
57,13523
34,3041
73,6489
60,3801
48,3823
25,6291
34,4423
57,2427
76,7817
25,4589
40,7319
22,3663
76,4037
80,6351
51,7033
55,2913
62,7733
56,9981
59,10695
61,7165
66,3421
24,6885
66,3487
43,8225
37,3951
33,7735
72,5585
49,3155
48,15785
72,5275
25,10271
57,8647
52,7115
69,6681
49,5617
64,12393
51,9393
47,3483
65,4055
49,5989
73,5231
56,8779
65,3277
80,6433
40,4841
80,7361
31,6779
37,8705
34,7849
73,5675
50,6417
38,5239
55,4155
62,8209
48,4589
47,7345
46,4709
36,2509
56,5315
24,4147
62,6179
70,6111
49,4583
48,5457
58,5857
39,5035
74,3325
73,6385
44,6587
75,6857
51,6425
24,6483
61,4971
49,4023
51,7529
52,4035
61,5643
79,4459
39,4695
59,5203
35,3745
25,3307
46,2493
43,9095
70,5125
61,9209
37,4967
45,4513
79,4965
46,10565
69,11973
42,5355
68,11637
75,5467
42,3869
35,5167
39,3647
26,4627
74,9735
51,4409
48,5815
80,10503
53,12809
68,6673
61,2685
34,6827
22,4257
30,5201
22,7995
22,5531
52,6379
55,9253
79,7923
72,9891
55,4839
71,6365
32,5117
34,8767
41,6413
67,5439
61,13663
62,8261
28,4305
47,5541
28,4557
80,7757
20,7861
67,7377
37,4691
35,5989
34,2933
61,6537
57,3055
44,10263
77,6151
46,6167
20,4187
68,5931
36,7071
65,5687
73,2645
53,3703
46,4325
78,7635
47,10553
31,7085
23,10273
65,8289
58,3287
26,7933
39,6529
30,2127
67,6871
40,3431
70,12443
73,3249
22,10871
27,6203
52,2733
70,3899
69,4913
57,4049
68,4977
24,3929
32,10717
50,5567
56,3101
64,4691
48,3037
27,9997
69,5385
64,7889
50,5485
45,15063
23,9405
37,9267
29,5167
35,4695
79,4925
52,6309
67,8267
34,3039
27,8359
70,3601
21,7307
45,4225
72,8863
70,3399
65,9401
52,7195
20,3029
58,4759
54,5891
38,6361
53,8427
68,4323
43,6385
48,6793
65,3297
28,12107
74,2895
44,3491
60,5311
77,3777
26,5465
60,6311
65,7889
54,6935
77,7293
46,4391
69,8089
53,8681
44,7593
38,3351
77,6891
79,5011
54,7379
67,7895
47,6653
37,4937
63,6285
67,6147
75,4787
29,8197
57,18391
29,4343
21,3973
29,4871
65,4363
69,5445
28,3499
64,9645
50,1843
61,6949
58,6021
54,7039
51,7123
69,8543
56,2491
36,4827
67,4145
42,4401
76,4335
66,6793
70,7819
40,6009
52,6139
74,2651
52,9835
60,14573
52,7139
33,11157
34,5449
53,5967
62,3347
31,7553
51,4753
77,8823
24,5447
29,5195
21,5853
67,6207
30,3119
62,3145
73,4159
43,6903
22,7035
47,7579
37,2653
42,11239
48,2961
59,5125
65,6273
24,6429
40,3661
49,3953
28,4509
23,4097
71,3659
57,10507
30,5109
50,6263
60,5931
28,5843
28,7787
28,6775
54,10477
23,4927
73,7769
29,6601
30,3957
55,3789
26,4121
41,10205
25,4535
37,5675
37,4123
61,4033
29,3217
53,4371
36,3645
71,6545
59,2829
79,2563
74,6051
59,12123
56,3909
64,4185
34,3405
54,7397
35,5759
20,10529
59,5063
54,3435
34,12793
40,11061
45,6539
56,3249
68,6577
80,6511
36,8733
52,3701
37,11189
68,2223
63,4137
41,6633
39,9625
72,5683
73,7369
63,4017
71,4185
58,6253
65,5073
58,7329
65,4037
22,5005
76,7901
36,4211
36,5797
64,3275
49,2867
58,7215
45,11185
59,3555
80,11627
61,5757
56,6339
20,8917
53,10115
38,2819
55,6517
29,2851
46,4557
76,4683
51,2059
33,11701
70,1481
78,2851
71,7363
23,6143
63,2997
62,4137
40,4931
70,5589
80,7429
20,3157
29,6361
47,5765
34,5119
76,8489
53,6767
21,4479
40,6065
72,7443
21,13651
76,3353
60,13153
58,10899
46,5731
51,3789
22,8741
23,9309
58,3109
63,8575
78,4357
69,5357
39,7485
29,4063
78,7097
80,3671
57,6427
76,4793
36,5437
75,5323
51,3769
35,6455
47,4483
76,7809
71,3803
41,4053
62,3801
45,6493
73,1935
69,15395
20,6581
47,7237
40,5801
71,5561
78,5049
69,6811
79,6705
40,5009
33,14253
68,6593
55,3199
73,4039
53,15437
24,9947
24,7105
73,3925
24,7973
46,6589
46,10521
65,4373
50,5089
39,5155
31,6209
58,4315
41,3091
29,7859
27,12023
64,7589
80,5977
61,6747
77,9175
59,8347
69,3245
75,3771
60,4333
31,8325
35,3539
71,9623
68,5643
25,5497
48,4197
52,5279
60,7035
26,4931
41,5157
70,8189
30,3781
28,7355
60,6577
23,7027
25,6827
44,7133
62,4059
46,4521
66,2809
24,3433
80,3217
75,4639
66,3773
79,14203
54,7425
36,11537
33,6119
26,6073
38,5751
42,7389
59,6899
51,3605
78,8353
35,10229
41,7611
27,7747
52,6797
22,4841
68,4819
29,3505
77,4159
20,3267
28,5777
56,5853
47,2759
61,7707
59,6127
58,5165
59,11691
23,5245
40,4053
35,3795
62,11123
64,3799
72,3393
21,3905
74,8467
21,6005
76,12535
79,8641
51,4831
35,12839
62,3513
63,7573
41,8049
49,7197
37,6483
59,7171
20,6095
33,7901
78,6581
63,13635
28,11251
55,2751
52,3039
43,9373
27,6867
76,3445
68,6073
45,5811
49,4175
29,2457
26,9211
72,7149
47,10719
48,4713
46,8633
26,7939
20,3341
27,9089
78,8067
33,7901
33,6643
72,2795
33,9053
31,7491
60,7931
66,4501
31,8187
21,5551
22,4539
30,2355
80,7927
45,7713
59,6079
47,9027
54,3805
54,3779
52,5721
71,5065
66,4281
60,4285
43,5585
55,13813
75,6557
67,3071
43,7437
67,9647
75,7957
36,3225
62,8585
55,6701
54,10055
23,5723
76,10711
23,3535
69,7845
48,4863
71,17089
42,6677
69,9327
74,6645
52,5103
36,9543
46,8203
79,7219
52,5341
51,9619
31,7915
23,9119
24,5715
41,10013
70,9961
71,12643
73,4321
51,8445
78,3669
72,9413
58,2077
43,3255
73,5495
30,4153
78,2537
42,3569
54,2579
31,5201
49,11133
53,4701
73,1951
72,10175
53,6851
38,4193
25,4475
65,5089
65,5181
32,6671
28,6411
76,6865
66,9953
54,2351
27,9329
60,6789
60,4815
56,4651
51,4349
28,3923
49,6279
44,4177
72,8941
66,5249
47,8495
60,2857
78,2389
74,3501
50,2531
49,5415
46,10257
80,3063
29,4765
42,3499
28,6447
23,5269
58,3427
48,4563
27,2427
78,4603
35,11527
51,2441
66,6075
42,3241
64,3291
49,2375
53,6883
21,5729
39,12957
56,2829
32,13195
46,3457
26,3351
30,5213
76,5281
62,6417
24,3903
52,2925
72,8737
31,2465
72,9713
59,10183
46,3715
53,4363
56,3805
69,4681
38,6675
64,4457
43,3361
43,8379
34,8119
21,4341
71,5679
39,6661
28,4753
65,5235
69,7465
54,6133
63,2537
55,3575
57,5903
22,5655
54,3631
32,2799
27,6679
50,5243
53,10921
48,7711
71,3315
80,9579
20,3749
71,4661
39,2335
58,2475
52,4901
75,10143
70,5747
78,7291
50,2891
49,4405
39,11897
33,2129
59,14397
27,5181
45,8643
24,7483
33,4517
69,8723
49,3657
50,6945
55,9635
79,6211
37,4045
41,4859
49,7135
20,6497
68,4433
52,4145
72,8465
37,5615
42,2893
39,10023
67,13245
52,2681
76,2691
44,7009
47,5537
64,5347
54,4637
30,4425
72,8777
54,4135
38,8525
47,2041
79,8763
60,4809
58,8133
30,10823
49,4891
49,2987
26,4093
24,9097
29,2995
51,4791
53,4427
36,6085
40,3939
53,2731
43,6231
62,10325
35,4057
31,11287
58,5061
68,3199
45,13015
71,4031
45,10173
25,4337
78,8505
41,3569
66,3659
52,3761
47,11261
51,8845
64,6223
20,6769
45,8855
36,3835
63,6365
47,7055
58,6675
80,2607
58,2671
66,4463
63,3717
78,5085
80,5679
61,5957
76,7147
62,5609
29,4707
65,7715
34,4227
63,4813
64,7919
40,5071
28,7931
33,6745
27,9439
63,6069
71,5745
79,2887
52,4759
44,3145
56,4795
73,8233
44,10743
56,4483
33,5805
68,7525
65,3537
60,7463
43,2997
24,4677
31,6823
50,6045
51,9011
80,5513
50,3547
71,6235
38,4153
74,2503
24,6291
79,3403
76,4841
21,5335
42,4477
28,8519
36,12967
29,5381
25,8635
46,7381
80,4831
71,7543
76,6491
27,4505
33,5845
49,2557
65,5287
37,4147
20,10711
75,5831
20,11177
40,6829
40,6861
51,5859
77,6867
59,5227
54,3591
42,2639
80,10399
28,6643
48,8227
66,6317
24,3599
66,7275
45,10169
60,10761
78,3453
36,6281
71,8141
54,9887
66,3029
68,5343
63,11123
71,10679
37,4855
42,6953
48,5659
38,4523
74,5209
32,2085
28,8463
62,3291
65,4021
59,5357
35,3589
45,7731
21,6507
64,10485
75,7801
23,8591
73,5083
33,4701
56,9183
76,10483
68,3083
57,5355
71,6733
37,5423
38,5243
33,6469
43,6573
60,7835
20,8781
48,5015
38,3933
74,10733
78,7623
74,5861
72,24829
59,6631
59,6457
42,2525
22,5551
43,10661
32,6397
46,13417
56,3177
58,5491
58,6917
69,5151
69,8365
55,2727
32,11889
51,9191
50,4281
34,8163
71,5125
69,4357
41,6613
78,3151
55,7291
32,2451
79,5379
29,5815
28,9239
53,8891
24,8125
32,8639
79,4061
50,15125
46,4127
28,5341
32,12903
42,10897
22,2991
25,1829
65,2969
51,3683
64,5499
33,5867
60,10953
37,5649
43,4287
28,7591
57,5487
50,5391
51,6419
73,6333
70,2599
37,5149
51,2063
45,6375
70,5675
57,10899
53,2769
63,4961
60,6105
28,4623
79,2559
58,4751
25,10493
51,2449
54,14757
69,6181
48,7081
21,7813
28,7149
72,6073
20,6869
65,6617
30,6943
71,5703
69,3643
40,4845
71,4023
42,5573
65,8985
53,6879
52,2563
41,4805
78,4665
62,3393
32,2805
56,8957
70,7475
46,6461
50,5211
61,4547
54,4607
45,6551
24,7261
35,11643
24,10111
64,7995
67,6247
30,3199
29,5945
53,10659
53,5295
74,8937
80,3297
67,3289
48,4627
45,2629
65,6715
49,11989
43,6633
76,7749
73,4303
29,5981
79,8091
72,5419
48,2457
36,4429
38,5741
34,1713
33,13691
31,10927
34,10651
44,10341
63,3391
21,7815
64,4147
47,11535
65,5699
24,7767
39,6325
63,11205
63,19803
54,2723
57,6647
44,5701
50,2765
66,4989
80,4411
64,6267
55,12231
22,5167
51,15843
39,14863
56,2827
32,3889
49,4149
75,13851
78,5401
49,11303
70,5655
79,7909
75,3459
61,2915
50,5633
40,5793
51,6993
22,7639
31,3765
27,4081
50,7823
23,10299
55,14481
45,4641
43,2541
79,10473
68,4441
72,5403
78,2633
55,3655
39,13041
48,6277
60,5363
59,5983
67,11469
51,9681
74,5049
45,5089
47,13037
76,10797
59,8911
63,2105
33,5011
43,4485
71,4357
64,7795
20,4817
34,11495
38,6875
32,7359
73,3233
76,7719
57,11587
20,5705
20,13819
69,4881
44,3855
31,4521
20,5845
24,5581
46,13073
79,6897
51,7461
34,5933
80,11325
36,5833
43,4755
36,4839
80,7217
20,6079
68,7827
65,5097
47,3509
56,7035
54,6337
58,6411
41,3939
38,5985
80,4963
32,9187
46,5741
75,5603
56,5705
75,4951
47,13951
69,6665
50,6271
54,6851
54,6505
79,5999
71,6317
80,3579
46,5169
20,11915
80,5585
43,8465
75,5847
23,4121
47,6317
76,2707
21,2883
60,2689
68,7187
68,5755
74,5933
61,6651
79,4109
27,7125
28,3345
79,4069
40,3761
64,7525
58,3129
64,13655
40,5423
45,5501
30,5809
28,5695
64,7061
61,3143
36,9163
74,10525
28,6045
22,3647
52,7081
31,4745
72,4273
39,5725
70,6863
52,3615
55,2729
49,7317
58,10447
25,2113
60,9163
65,3195
48,5929
58,10291
44,5067
49,3233
66,3331
76,4753
80,4229
58,5583
37,2971
59,4703
52,3235
36,2801
73,2107
27,4911
49,4613
28,7429
49,3665
74,10653
51,4553
37,8029
57,10449
40,9593
78,2285
75,3893
39,3299
53,3981
52,3701
78,7859
37,5953
47,3547
25,4543
66,2567
31,6147
40,3483
74,3223
51,2885
67,9975
21,3535
67,3175
64,4297
77,5391
62,2591
65,7081
38,3457
31,5925
80,10419
76,6757
59,3551
31,9413
36,4975
50,3989
56,5803
72,6889
29,10253
38,6207
62,3409
41,4295
20,4039
42,7321
43,2651
39,10249
60,6323
52,5243
36,6773
27,5107
77,3643
55,6417
24,4575
32,10193
79,7891
72,5903
48,5727
31,5397
34,5185
51,5555
29,3615
21,4735
49,5449
51,5303
44,7333
70,3661
72,8307
26,7631
63,4283
80,8469
58,3959
69,8289
64,7699
56,9691
62,4885
59,5683
30,4239
45,2997
37,4049
32,6733
64,6643
63,4765
20,6213
36,10855
61,8589
21,4977
54,7835
51,5449
53,3619
29,10959
45,4753
50,5503
58,7029
40,4355
68,9269
38,6699
63,2965
49,9743
48,3727
62,8281
27,5303
26,6993
22,8009
21,7773
65,6143
21,10655
70,8077
29,6787
68,6425
54,3835
34,5043
29,7833
49,6167
25,4997
77,5019
49,3841
49,7561
59,3565
26,6575
30,6627
25,3279
55,12673
50,7799
55,6133
53,10993
51,3501
27,7823
60,5439
65,6481
46,3923
71,2291
64,3015
50,2131
31,6597
65,4163
65,11219
21,9421
50,6959
42,4695
46,5951
72,6443
41,2527
65,7461
30,4559
74,11403
59,2629
34,6473
50,7581
64,10067
73,5497
78,2169
41,2707
34,12987
37,2293
47,6243
57,5503
69,4905
61,3581
75,4059
44,8413
36,3175
76,8669
60,10035
67,9571
76,4397
69,3311
72,4179
48,7473
64,7651
45,9235
39,5969
63,4295
46,5333
21,7157
61,6017
74,5851
49,5197
31,11873
27,8625
44,9465
35,1839
42,3357
43,5127
46,5561
44,4825
22,14237
59,2961
41,5807
42,3785
58,4257
23,4237
65,4267
24,4769
35,6295
55,7045
63,1409
21,6417
71,9755
59,8235
40,5547
41,2399
69,6121
44,6113
30,15241
57,2859
80,3653
64,3219
80,5485
20,5377
32,5791
46,10967
71,13045
62,3803
36,12623
23,5015
43,3037
64,5779
31,10105
64,4943
63,11353
47,4937
80,4597
76,2267
40,18367
23,11679
47,5057
79,4051
68,3639
73,4005
66,5907
21,6687
75,5643
37,5305
61,4455
59,8589
35,4833
58,7271
42,5823
55,5371
45,3795
54,6543
67,9339
41,5769
53,6407
67,2839
60,8333
59,7041
66,4135
66,5425
38,5467
72,5427
63,5849
32,11893
51,2761
51,5211
79,7171
58,4861
62,3863
45,10007
24,15559
34,7325
60,6055
68,5669
33,4545
40,8089
21,4379
44,5019
23,6227
36,5025
38,7921
78,4179
46,4147
73,5167
61,4989
20,17971
25,6483
42,2703
47,6105
67,4813
71,4639
23,5655
29,9057
59,8229
35,6631
50,3523
30,4945
38,3657
67,12031
54,7825
70,3807
22,5675
31,6649
73,3671
57,5577
22,6279
74,3441
73,10433
58,4645
74,5409
52,6821
78,7493
77,4125
37,6571
65,5615
50,7581
55,3319
61,4491
75,7679
37,9111
73,8835
32,11771
23,5043
38,6381
26,4151
21,9405
21,5657
74,8955
77,8637
41,6989
39,4715
58,4977
80,6293
76,2721
26,9655
52,5527
80,2817
37,5839
39,4471
37,6175
65,3139
40,10477
23,3969
48,5263
28,4429
49,5181
74,3711
43,8139
30,3467
66,10693
51,5833
42,7509
76,3477
70,4459
27,5101
68,5821
58,3179
28,9797
30,5959
41,3191
74,11481
29,12709
55,4115
36,2573
41,6307
37,5721
48,5585
55,9971
33,3029
71,15215
54,2089
70,7431
57,3899
73,5575
55,3539
66,11477
30,5165
58,2797
21,9157
57,4653
41,6443
22,7167
51,4721
30,5913
76,5303
71,7717
41,3953
39,3869
20,6619
37,5515
33,2835
51,6263
22,4285
63,2985
62,6223
28,7011
23,6749
78,8537
70,6031
41,4125
75,7111
32,4145
54,6629
53,3953
43,7011
79,4311
61,6097
59,4597
77,3901
23,7373
70,3883
28,9875
60,8739
65,8839
71,3739
59,8435
54,5297
77,5637
51,7565
57,2077
59,5777
55,10631
42,3553
59,2863
44,4099
36,4681
37,3041
78,6553
47,7263
31,6337
75,8607
76,6883
47,6011
48,2775
42,2911
25,3749
59,3313
49,8339
51,5091
61,13085
64,4433
80,8573
24,11679
34,12337
73,10793
52,3447
33,4175
67,5309
20,12109
59,3047
39,3041
34,4317
33,3357
46,3913
32,3329
53,4485
50,3633
65,7097
66,7181
48,6827
49,2703
76,3735
71,6603
23,6993
61,10133
34,3277
27,7041
49,7687
76,8895
53,3955
63,2833
74,5797
62,5341
21,8813
64,5925
59,7695
36,10023
37,5857
43,8247
65,14759
21,9265
71,7119
57,5389
34,4967
51,4369
39,6193
62,6725
52,3337
56,4021
55,7537
34,6291
28,10179
23,4019
72,6481
66,5169
51,3677
30,5355
37,4407
46,5731
30,5403
65,3809
37,9083
24,5089
24,5215
39,5549
44,12821
71,5757
35,7885
38,3459
67,13983
80,6147
30,5919
80,4645
49,5159
72,4819
24,3825
56,7663
29,6783
78,8723
44,6449
37,5497
63,5119
61,7415
20,6359
72,3549
46,2957
43,3629
51,3797
25,7041
75,5823
22,5857
29,9473
69,5251
52,5097
41,6835
25,4395
35,4513
48,2649
20,3677
35,5313
59,3859
51,4263
51,4941
50,3431
50,4769
38,11831
25,5691
32,5037
35,2881
59,9685
61,3561
37,3071
60,6271
26,8603
54,6745
71,9073
79,5435
55,10133
71,5413
21,8207
53,8659
37,2501
73,5875
33,8265
35,7545
65,7455
71,8823
23,5915
79,12539
22,7047
32,10409
64,8059
65,2885
22,9887
37,2845
46,4177
39,5549
66,4771
61,4795
44,4545
22,4007
76,2269
25,12411
77,9135
68,2289
38,7183
35,6263
78,5351
30,2783
56,9273
48,5393
34,5189
69,6095
23,6285
41,5975
63,5817
62,9805
60,7101
31,3553
49,7079
80,3835
24,5001
31,13913
62,5075
49,5141
55,3371
43,9171
27,4397
46,6651
33,2665
54,8413
43,7005
73,3941
20,4145
31,5407
27,9295
72,4193
56,10071
23,5281
50,4323
27,11343
71,6977
44,6927
27,7181
64,5309
69,11763
53,8469
77,7575
55,4433
27,8359
48,6013
24,8409
77,4387
66,3921
79,4909
47,7013
24,8193
26,4789
46,6117
20,6535
57,2879
67,2757
31,8233
48,4971
32,4805
20,6967
54,4689
74,5723
34,2683
26,6955
26,8693
30,5227
59,4627
28,2125
75,3245
45,4295
24,3269
38,3145
20,5451
42,8157
54,5411
68,2237
56,3133
45,5885
39,2827
20,3631
50,6261
48,3059
38,6501
77,2227
70,6351
58,3705
24,5599
43,4097
71,11033
44,5515
77,4477
31,4559
55,3459
21,2513
62,5923
71,7593
56,6877
60,3049
77,6467
51,8065
35,8789
73,6205
52,4081
30,7809
47,5505
69,4525
52,6723
51,4307
21,7289
63,5221
49,10797
32,3425
41,5779
65,4643
49,7475
47,7655
55,5775
28,4855
48,4957
70,10663
36,7219
76,3535
20,6011
70,4277
77,4445
80,7987
77,4215
50,5647
79,6503
53,2275
34,3675
49,9119
40,5879
69,13251
36,5991
75,1543
72,3889
78,8077
54,3785
25,5057
65,3777
30,3715
67,6057
40,4847
23,3789
71,6503
53,6487
58,6595
55,6315
39,5977
79,5359
56,4061
80,6173
54,3879
41,6879
37,2389
29,4467
64,7739
23,4955
40,7645
79,3553
77,12123
39,10583
49,6197
28,2671
29,13691
21,6823
35,7181
65,5401
25,7651
28,4467
43,7935
28,4095
45,5407
28,8137
47,13035
32,5837
40,5217
66,3501
21,5921
80,2717
34,7019
74,7203
35,4143
41,4967
24,5605
51,5237
28,4049
21,4593
22,8377
42,3201
60,5575
25,4667
34,2799
67,4617
30,5441
56,16753
68,3417
50,5815
75,4829
67,4531
70,4107
77,6683
75,4921
55,4815
46,10141
46,8059
55,6009
62,7405
33,4721
70,3111
30,7891
25,6021
35,7675
49,5707
38,3663
37,9797
44,3135
78,5105
36,6197
68,6041
24,13263
75,4773
57,4771
22,4243
22,3909
69,4757
75,3417
35,10397
20,7235
74,6145
25,3283
69,6193
78,9841
61,4019
31,6795
72,9777
79,7229
74,6557
79,8453
23,6383
52,7081
73,4547
33,6631
56,5975
73,9729
57,5687
78,8305
60,7071
67,5865
36,7117
24,6211
49,8631
45,6741
46,3841
59,3559
67,5743
55,5107
54,3979
30,2845
39,3199
59,13121
44,6515
25,5295
42,1795
31,2869
67,4565
50,5395
30,5073
41,11043
55,3797
56,5521
63,9691
51,2713
80,9127
62,4607
77,10423
24,11033
35,3781
61,6253
64,6721
50,3677
52,12567
30,3877
47,6283
77,6107
39,5551
63,7321
71,3107
53,7747
56,5295
40,5953
24,2175
72,3487
65,8147
77,4333
26,6603
44,3717
52,6017
45,8913
39,6297
60,3701
58,4611
49,4611
23,5497
26,9283
53,6719
64,7767
57,4695
45,4691
56,3295
46,2863
77,5505
24,4077
71,2235
33,7487
24,2937
36,11487
73,2725
30,5855
65,6647
74,3385
41,5599
36,6687
46,4819
59,16549
63,5985
64,6907
29,5691
54,4999
61,2831
28,10057
70,10343
61,6881
71,5231
60,7111
42,4899
73,10293
77,10303
34,4515
62,8251
75,6571
50,4219
44,5027
22,6019
67,5039
49,4589
51,8059
33,6581
37,4145
69,6831
57,4437
40,6829
68,6319
47,7479
54,6127
46,4135
61,6987
20,6109
61,6077
21,3627
32,8657
78,9285
75,12413
68,6917
52,7319
70,4885
63,3599
51,3107
61,4481
26,6353
28,5641
31,9381
53,6409
72,7103
69,2935
78,10717
65,6295
75,4093
40,5607
72,6195
43,6585
30,5249
50,18359
32,11095
26,4289
42,6041
71,8125
26,4979
53,4423
65,4341
73,5705
28,6829
53,6825
35,10145
50,8637
69,3971
37,9103
57,8059
61,8677
80,6723
69,6465
79,4039
68,10855
27,4653
70,4833
69,9865
41,5879
33,5807
75,13195
22,6643
35,3869
27,2355
46,6663
22,6839
61,8207
31,13309
41,6215
43,6287
24,2269
49,8563
40,10019
28,8153
37,7419
44,5365
61,6505
79,14679
21,3233
61,8209
24,6319
56,6533
68,9061
74,5055
30,4319
28,3265
49,5417
78,7189
70,5535
67,5915
50,3941
65,3309
37,6691
68,2193
43,4455
25,5631
24,14937
40,10367
68,5135
56,2451
75,4147
35,6147
73,5039
56,6279
52,5381
73,6593
51,3937
80,11617
68,12747
68,5161
41,4609
70,4891
48,9203
24,3101
24,4893
79,5311
53,4059
80,5669
51,6399
28,7559
68,5131
35,7441
33,3539
47,7793
70,5411
39,5373
77,3519
56,4495
66,5905
47,5755
74,13217
47,7385
40,4573
21,9677
80,9919
67,9373
26,9135
68,10163
39,7497
24,5595
51,10327
21,2891
59,7555
78,8269
44,4233
75,13377
68,4539
77,9217
56,7745
46,11851
39,8175
56,6123
79,5091
52,2121
78,7021
62,16483
70,3883
78,5897
72,2795
41,7671
34,5337
37,4793
45,7943
23,5361
35,2491
23,4945
73,6255
67,8799
24,4585
34,3999
78,12241
32,3687
62,8937
58,2293
28,3107
77,10401
36,2909
63,2575
41,10411
55,5743
44,4251
64,5351
43,5911
67,5733
47,13509
27,9391
51,11345
47,8191
33,3809
72,5061
79,4675
38,2771
32,5169
51,3067
43,6917
54,3463
42,2839
66,10127
60,5139
33,2729
36,3187
24,7021
20,5405
59,4245
56,4481
55,4323
59,6595
56,3307
39,4969
26,9349
53,9795
39,8487
72,6519
58,5985
52,5387
57,9761
27,4827
80,9351
23,11115
33,5311
70,8061
38,5837
56,7589
75,11539
40,3331
46,3217
67,8083
54,5625
60,5753
40,4483
68,8867
40,6107
71,4795
32,16119
38,3745
38,4719
42,4277
70,9345
22,4667
44,6501
68,5855
33,4055
55,6789
56,4141
51,5141
60,8543
54,5487
71,3729
71,10263
28,4425
51,9533
26,9727
39,4903
56,4039
24,5621
32,6507
65,4737
27,12791
80,9673
75,6645
76,4657
62,8245
41,10721
70,4257
27,2779
38,7681
68,5609
68,6121
73,6459
23,6477
40,4593
63,5893
42,8251
34,8345
47,6163
65,6699
40,7061
56,2415
42,5381
30,12921
36,2847
76,2149
26,11491
74,8039
30,8703
33,7549
57,10357
58,3493
50,10159
64,3287
47,5779
55,6965
58,7889
69,7469
63,2469
76,8531
22,1775
72,9897
29,4775
44,3805
36,8153
69,2531
54,4763
32,4787
74,4105
54,11845
61,9937
50,3345
80,12107
27,6363
22,5947
57,4147
33,5357
72,12407
40,4647
55,4515
49,5541
77,7167
72,1605
72,22247
57,2887
47,5409
69,7065
50,3049
